2.458545515923037659e+06 7.350393933330400253e-01 1.225299194766937827e-02
2.458545536756998394e+06 8.379245087094334687e-01 1.225299194766937827e-02
2.458545557590958662e+06 9.172549128687422781e-01 1.225299194766937827e-02
2.458545578424918465e+06 9.769012813974471410e-01 1.225299194766937827e-02
2.458545599258877337e+06 9.904769666751170876e-01 1.225299194766937827e-02
2.458545620092836674e+06 9.934982303961421568e-01 1.225299194766937827e-02
2.458545640926794615e+06 9.982273827207477357e-01 1.225299194766937827e-02
2.458545661760752089e+06 1.002003285764898166e+00 1.225299194766937827e-02
2.458545682594710030e+06 1.007357297535936169e+00 1.225299194766937827e-02
2.458545703428666573e+06 1.011678632830760094e+00 1.225299194766937827e-02
2.458545724262622185e+06 1.016859758103561440e+00 1.225299194766937827e-02
2.458545745096577797e+06 1.021209242855125154e+00 1.225299194766937827e-02
2.458545765930533409e+06 1.022147760231189029e+00 1.225299194766937827e-02
2.458545786764487624e+06 1.027812092591607218e+00 1.225299194766937827e-02
2.458545807598441374e+06 1.024541783858902599e+00 1.225299194766937827e-02
2.458545828432395123e+06 1.027556415496274411e+00 1.225299194766937827e-02
2.458545849266347941e+06 1.027328877553836506e+00 1.225299194766937827e-02
2.458545870100299828e+06 1.025331462585104880e+00 1.225299194766937827e-02
2.458545890934251714e+06 1.023280613280852291e+00 1.225299194766937827e-02
2.458545911768203136e+06 1.021542576489177012e+00 1.225299194766937827e-02
2.458545932602153625e+06 1.018339770725657178e+00 1.225299194766937827e-02
2.458545953436103649e+06 1.017063715625511788e+00 1.225299194766937827e-02
2.458545974270053208e+06 1.011733526370680591e+00 1.225299194766937827e-02
2.458545995104002301e+06 9.943311552651766805e-01 1.225299194766937827e-02
2.458546015937950462e+06 9.777239881876798044e-01 1.225299194766937827e-02
2.458546036771897692e+06 9.538109454970364887e-01 1.225299194766937827e-02
2.458546057605845388e+06 9.372924061396773476e-01 1.225299194766937827e-02
2.458546078439791687e+06 9.339087895926000416e-01 1.225299194766937827e-02
2.458546099273737520e+06 9.492555048881228252e-01 1.225299194766937827e-02
2.458546120107683353e+06 9.672890448278312903e-01 1.225299194766937827e-02
2.458546140941627789e+06 9.832660711644785057e-01 1.225299194766937827e-02
2.458546161775571760e+06 9.965036381264674725e-01 1.225299194766937827e-02
2.458546182609515265e+06 1.000938704160162729e+00 1.225299194766937827e-02
2.458546203443458769e+06 1.002659341519315239e+00 1.225299194766937827e-02
2.458546224277400877e+06 1.007631928737316773e+00 1.225299194766937827e-02
2.458546245111342520e+06 1.009352067446298351e+00 1.225299194766937827e-02
2.458546265945284162e+06 1.011950929821371803e+00 1.225299194766937827e-02
2.458546286779224407e+06 1.013198244049630325e+00 1.225299194766937827e-02
2.458546307613164186e+06 1.015153545718081807e+00 1.225299194766937827e-02
2.458546328447101172e+06 1.015653373348403221e+00 1.225299194766937827e-02
2.458546349281040020e+06 1.019506311926694497e+00 1.225299194766937827e-02
2.458546370114977937e+06 1.022476621210796521e+00 1.225299194766937827e-02
2.458546411782852374e+06 1.017418884093083120e+00 1.225299194766937827e-02
2.458546432616788428e+06 1.019364946523114268e+00 1.225299194766937827e-02
2.458546453450723551e+06 1.007124031525365782e+00 1.225299194766937827e-02
2.458546474284658674e+06 1.014753889220209704e+00 1.225299194766937827e-02
2.458546495118593331e+06 1.010776158993276219e+00 1.225299194766937827e-02
2.458546515952526592e+06 1.014627449438806561e+00 1.225299194766937827e-02
2.458546536786459386e+06 1.008828380898973309e+00 1.225299194766937827e-02
2.458546557620392181e+06 9.928283117706991900e-01 1.225299194766937827e-02
2.458546578454323579e+06 9.274098838792584898e-01 1.225299194766937827e-02
2.458546599288254511e+06 8.333345530615986485e-01 1.225299194766937827e-02
2.458546620122184977e+06 7.404107330862292891e-01 1.225299194766937827e-02
2.458546640956114978e+06 6.505051790401378264e-01 1.225299194766937827e-02
2.458546661790044047e+06 6.480880103934958392e-01 1.225299194766937827e-02
2.458546682623972185e+06 7.227676238577640522e-01 1.225299194766937827e-02
2.458546703457900323e+06 8.210054491546949773e-01 1.225299194766937827e-02
2.458546724291827530e+06 9.093359939650764723e-01 1.225299194766937827e-02
2.458546745125753805e+06 9.795253805563023386e-01 1.225299194766937827e-02
2.458546765959679615e+06 1.006247926427571882e+00 1.225299194766937827e-02
2.458546786793604959e+06 1.003527549706822786e+00 1.225299194766937827e-02
2.458546807627529372e+06 1.007341566426151136e+00 1.225299194766937827e-02
2.458546828461452853e+06 1.007957031946701942e+00 1.225299194766937827e-02
2.458546849295376334e+06 1.007879014433673115e+00 1.225299194766937827e-02
2.458546870129298884e+06 1.017002008179908934e+00 1.225299194766937827e-02
2.458546890963220503e+06 1.021805241442754308e+00 1.225299194766937827e-02
2.458546911797141656e+06 1.023170086681072233e+00 1.225299194766937827e-02
2.458546932631062344e+06 1.024735480162565882e+00 1.225299194766937827e-02
2.458546953464982100e+06 1.030833686895311851e+00 1.225299194766937827e-02
2.458546974298900925e+06 1.029761426357743703e+00 1.225299194766937827e-02
2.458546995132819749e+06 1.031883046372813251e+00 1.225299194766937827e-02
2.458547015966737643e+06 1.031174601171769289e+00 1.225299194766937827e-02
2.458547036800654605e+06 1.029214887624044117e+00 1.225299194766937827e-02
2.458547057634570636e+06 1.030906357459442590e+00 1.225299194766937827e-02
2.458547078468487132e+06 1.026333120237971519e+00 1.225299194766937827e-02
2.458547099302401766e+06 1.024747597684438682e+00 1.225299194766937827e-02
2.458547120136315934e+06 1.021136670000558633e+00 1.225299194766937827e-02
2.458547140970230103e+06 1.018410364461313833e+00 1.225299194766937827e-02
2.458547161804142874e+06 1.006503066817751035e+00 1.225299194766937827e-02
2.458547182638055179e+06 9.856205550327331588e-01 1.225299194766937827e-02
2.458547203471966553e+06 9.646305424408718743e-01 1.225299194766937827e-02
2.458547224305877928e+06 9.396711842161149519e-01 1.225299194766937827e-02
2.458547245139787905e+06 9.264947553512227207e-01 1.225299194766937827e-02
2.458547265973697416e+06 9.430220217777310898e-01 1.225299194766937827e-02
2.458547286807606462e+06 9.582657676540318192e-01 1.225299194766937827e-02
2.458547307641514577e+06 9.786816393814318227e-01 1.225299194766937827e-02
2.458547328475421760e+06 9.903486996861629033e-01 1.225299194766937827e-02
2.458547349309328478e+06 9.968750141796737241e-01 1.225299194766937827e-02
2.458547370143234730e+06 9.974903601725104707e-01 1.225299194766937827e-02
2.458547390977140050e+06 9.990550933384841903e-01 1.225299194766937827e-02
2.458547411811044440e+06 9.981819279890664642e-01 1.225299194766937827e-02
2.458547432644948829e+06 1.004301533921371004e+00 1.225299194766937827e-02
2.458547453478851821e+06 1.006565956224452441e+00 1.225299194766937827e-02
2.458547474312754348e+06 1.004786579962706483e+00 1.225299194766937827e-02
2.458547495146656409e+06 1.009539876338435116e+00 1.225299194766937827e-02
2.458547515980557539e+06 1.011038826534323087e+00 1.225299194766937827e-02
2.458547536814457737e+06 1.010782557166943763e+00 1.225299194766937827e-02
2.458547557648357004e+06 1.012512217704421014e+00 1.225299194766937827e-02
2.458547578482256271e+06 1.009313145634350262e+00 1.225299194766937827e-02
2.458547599316154607e+06 1.008452897947029081e+00 1.225299194766937827e-02
2.458547620150052011e+06 1.005410605008546288e+00 1.225299194766937827e-02
2.458547640983948950e+06 1.006220502414580720e+00 1.225299194766937827e-02
2.458547661817844957e+06 1.005808380389747070e+00 1.225299194766937827e-02
2.458547682651740499e+06 1.001811731101660108e+00 1.225299194766937827e-02
2.458547703485634644e+06 1.002033645914664595e+00 1.225299194766937827e-02
2.458547724319529254e+06 9.957362878807008988e-01 1.225299194766937827e-02
2.458547745153422002e+06 9.429197047167744428e-01 1.225299194766937827e-02
2.458547765987314750e+06 8.597587710381929815e-01 1.225299194766937827e-02
2.458547786821206566e+06 7.639900465402708063e-01 1.225299194766937827e-02
2.458547807655097451e+06 6.694388200561615099e-01 1.225299194766937827e-02
2.458547828488987871e+06 6.587292252320647856e-01 1.225299194766937827e-02
2.458547849322877359e+06 7.076111237912718899e-01 1.225299194766937827e-02
2.458547870156766381e+06 8.056093215775059768e-01 1.225299194766937827e-02
2.458547890990654472e+06 9.022765532006205014e-01 1.225299194766937827e-02
2.458547911824541632e+06 9.766586461371374872e-01 1.225299194766937827e-02
2.458547932658428792e+06 1.001056499160004609e+00 1.225299194766937827e-02
2.458547953492314555e+06 9.970903789321569066e-01 1.225299194766937827e-02
2.458547974326199386e+06 9.998419665254392186e-01 1.225299194766937827e-02
2.458547995160083752e+06 1.006034912373637180e+00 1.225299194766937827e-02
2.458548015993967652e+06 1.008934990226286521e+00 1.225299194766937827e-02
2.458548036827850621e+06 1.013352534696865703e+00 1.225299194766937827e-02
2.458548057661732659e+06 1.013027214803195575e+00 1.225299194766937827e-02
2.458548078495614696e+06 1.018399489548227788e+00 1.225299194766937827e-02
2.458548099329495337e+06 1.021332553936593168e+00 1.225299194766937827e-02
2.458548120163375046e+06 1.026469338233162443e+00 1.225299194766937827e-02
2.458548140997254290e+06 1.025536280933538213e+00 1.225299194766937827e-02
2.458548161831133068e+06 1.025068411529188594e+00 1.225299194766937827e-02
2.458548182665010914e+06 1.024690161238666963e+00 1.225299194766937827e-02
2.458548203498887829e+06 1.024877974080303789e+00 1.225299194766937827e-02
2.458548224332764279e+06 1.020109024360007943e+00 1.225299194766937827e-02
2.458548245166639797e+06 1.020917341602196826e+00 1.225299194766937827e-02
2.458548266000514384e+06 1.016153807886537530e+00 1.225299194766937827e-02
2.458548286834388506e+06 1.013733709009905004e+00 1.225299194766937827e-02
2.458548307668262161e+06 1.009089010875417580e+00 1.225299194766937827e-02
2.458548328502134420e+06 9.993076232234819889e-01 1.225299194766937827e-02
2.458548349336006213e+06 9.828085478519312801e-01 1.225299194766937827e-02
2.458548370169877540e+06 9.621488402013189667e-01 1.225299194766937827e-02
2.458548391003747936e+06 9.413138920329862103e-01 1.225299194766937827e-02
2.458548411837617401e+06 9.337973233790507477e-01 1.225299194766937827e-02
2.458548432671485934e+06 9.426048043413446376e-01 1.225299194766937827e-02
2.458548453505354468e+06 9.595262026559909785e-01 1.225299194766937827e-02
2.458548474339221604e+06 9.802312015572369752e-01 1.225299194766937827e-02
2.458548495173087809e+06 9.929063654764174185e-01 1.225299194766937827e-02
2.458548516006954014e+06 1.000881630411724288e+00 1.225299194766937827e-02
2.458548536840818822e+06 1.003514257271964638e+00 1.225299194766937827e-02
2.458548557674683165e+06 1.004301023232676338e+00 1.225299194766937827e-02
2.458548578508546110e+06 1.007379419944653964e+00 1.225299194766937827e-02
2.458548599342409521e+06 1.009850610304303675e+00 1.225299194766937827e-02
2.458548620176271070e+06 1.012800124164650484e+00 1.225299194766937827e-02
2.458548641010132153e+06 1.016143632520986495e+00 1.225299194766937827e-02
2.458548661843992770e+06 1.024359431082478178e+00 1.225299194766937827e-02
2.458548682677852456e+06 1.054390836592132397e+00 1.225299194766937827e-02
2.458548703511711210e+06 1.040136193593212077e+00 1.225299194766937827e-02
2.458548724345569499e+06 1.031250543010851395e+00 1.225299194766937827e-02
2.458548745179426856e+06 1.023841599231840815e+00 1.225299194766937827e-02
2.458548766013283283e+06 1.018767904967568194e+00 1.225299194766937827e-02
2.458548786847139243e+06 1.018519938081068110e+00 1.225299194766937827e-02
2.458548807680994272e+06 1.016833163988116073e+00 1.225299194766937827e-02
2.458548828514848370e+06 1.013555799095826826e+00 1.225299194766937827e-02
2.458548849348702002e+06 1.011523689641803614e+00 1.225299194766937827e-02
2.458548870182554703e+06 1.009090737698956852e+00 1.225299194766937827e-02
2.458548891016406938e+06 1.004650605912822847e+00 1.225299194766937827e-02
2.458548911850257777e+06 9.595993871469380432e-01 1.225299194766937827e-02
2.458548932684108149e+06 8.823263012182909204e-01 1.225299194766937827e-02
2.458548953517958056e+06 7.916538663790728680e-01 1.225299194766937827e-02
2.458548974351806566e+06 6.842595769892650948e-01 1.225299194766937827e-02
2.458548995185654610e+06 6.622111548460963837e-01 1.225299194766937827e-02
2.458549016019501723e+06 6.941590289941097502e-01 1.225299194766937827e-02
2.458549036853348371e+06 7.854606147820858419e-01 1.225299194766937827e-02
2.458549057687194087e+06 8.936905062102534769e-01 1.225299194766937827e-02
2.458549078521038871e+06 9.650167011972081710e-01 1.225299194766937827e-02
2.458549099354883190e+06 1.004029268792328455e+00 1.225299194766937827e-02
2.458549120188726578e+06 1.007300150531980520e+00 1.225299194766937827e-02
2.458549141022569034e+06 1.008715224058626792e+00 1.225299194766937827e-02
2.458549161856410559e+06 1.011977224858257918e+00 1.225299194766937827e-02
2.458549182690252084e+06 1.009682392578229448e+00 1.225299194766937827e-02
2.458549203524091747e+06 1.008692185976836742e+00 1.225299194766937827e-02
2.458549224357931409e+06 1.013689416646358810e+00 1.225299194766937827e-02
2.458549245191770140e+06 1.019921317698886387e+00 1.225299194766937827e-02
2.458549266025607940e+06 1.017398832038751921e+00 1.225299194766937827e-02
2.458549286859444808e+06 1.023089608652857363e+00 1.225299194766937827e-02
2.458549307693280745e+06 1.021190023458431906e+00 1.225299194766937827e-02
2.458549328527116682e+06 1.024738001069920523e+00 1.225299194766937827e-02
2.458549349360951222e+06 1.021972103667135645e+00 1.225299194766937827e-02
2.458549370194784831e+06 1.017829812490682606e+00 1.225299194766937827e-02
2.458549391028617974e+06 1.019080249566119756e+00 1.225299194766937827e-02
2.458549411862445995e+06 1.020210998513311207e+00 1.225299194766937827e-02
2.458549432696277276e+06 1.016671307034911598e+00 1.225299194766937827e-02
2.458549453530108090e+06 1.015983959587013707e+00 1.225299194766937827e-02
2.458549474363937974e+06 1.012787053301769991e+00 1.225299194766937827e-02
2.458549495197766926e+06 1.001764079459951162e+00 1.225299194766937827e-02
2.458549536865422968e+06 9.563992442045765596e-01 1.225299194766937827e-02
2.458549557699249126e+06 9.357260568271331680e-01 1.225299194766937827e-02
2.458549578533074819e+06 9.283797043501968993e-01 1.225299194766937827e-02
2.458549599366899580e+06 9.337806088651671166e-01 1.225299194766937827e-02
2.458549620200724341e+06 9.474955019385704613e-01 1.225299194766937827e-02
2.458549641034547240e+06 9.719376950872180565e-01 1.225299194766937827e-02
2.458549661868369672e+06 9.840763029222028280e-01 1.225299194766937827e-02
2.458549682702192105e+06 9.898354420952886201e-01 1.225299194766937827e-02
2.458549703536012676e+06 9.932337845526267861e-01 1.225299194766937827e-02
2.458549724369832780e+06 9.953632448693108259e-01 1.225299194766937827e-02
2.458549745203651953e+06 9.988974263564781575e-01 1.225299194766937827e-02
2.458549766037470661e+06 9.999152015667176485e-01 1.225299194766937827e-02
2.458549786871287972e+06 9.991372078200586593e-01 1.225299194766937827e-02
2.458549807705104817e+06 1.003952509387247671e+00 1.225299194766937827e-02
2.458549828538921196e+06 1.006893510400381331e+00 1.225299194766937827e-02
2.458549849372736178e+06 1.001757932576378352e+00 1.225299194766937827e-02
2.458549870206550229e+06 1.000558778230038026e+00 1.225299194766937827e-02
2.458549891040363815e+06 1.010967753765154020e+00 1.225299194766937827e-02
2.458549911874176934e+06 1.003909999605950398e+00 1.225299194766937827e-02
2.458549932707988657e+06 1.003567662129867255e+00 1.225299194766937827e-02
2.458549953541799448e+06 1.003361873022883710e+00 1.225299194766937827e-02
2.458549974375610240e+06 1.002124843503195972e+00 1.225299194766937827e-02
2.458549995209419634e+06 1.002375561793521275e+00 1.225299194766937827e-02
2.458550016043228097e+06 9.969958093452645498e-01 1.225299194766937827e-02
2.458550036877035629e+06 9.914466539230956110e-01 1.225299194766937827e-02
2.458550057710842695e+06 9.914013121918361371e-01 1.225299194766937827e-02
2.458550078544648830e+06 9.544658537459211889e-01 1.225299194766937827e-02
2.458550099378453568e+06 8.896853187850760625e-01 1.225299194766937827e-02
2.458550120212258305e+06 7.781396345469123732e-01 1.225299194766937827e-02
2.458550141046062112e+06 6.924177115255686354e-01 1.225299194766937827e-02
2.458550161879864521e+06 6.552232142525771241e-01 1.225299194766937827e-02
2.458550182713666465e+06 6.753382953178010961e-01 1.225299194766937827e-02
2.458550203547467943e+06 7.789641146769986646e-01 1.225299194766937827e-02
2.458550224381268024e+06 8.719337692712443300e-01 1.225299194766937827e-02
2.458550245215067174e+06 9.470475665819029221e-01 1.225299194766937827e-02
2.458550266048865858e+06 9.896099431345356523e-01 1.225299194766937827e-02
2.458550286882663611e+06 1.000502345995261999e+00 1.225299194766937827e-02
2.458550307716459967e+06 1.002791406802780561e+00 1.225299194766937827e-02
2.458550328550255857e+06 1.004660614078003222e+00 1.225299194766937827e-02
2.458550349384051282e+06 1.007642132897263121e+00 1.225299194766937827e-02
2.458550370217845775e+06 1.009815329193801237e+00 1.225299194766937827e-02
2.458550391051638871e+06 1.016435597360488163e+00 1.225299194766937827e-02
2.458550411885431968e+06 1.014207406052504146e+00 1.225299194766937827e-02
2.458550432719223201e+06 1.019051397865079478e+00 1.225299194766937827e-02
2.458550453553013969e+06 1.016161134372516539e+00 1.225299194766937827e-02
2.458550474386804271e+06 1.019174264212308501e+00 1.225299194766937827e-02
2.458550495220593642e+06 1.016196046096336403e+00 1.225299194766937827e-02
2.458550516054381616e+06 1.016701051490094043e+00 1.225299194766937827e-02
2.458550536888169125e+06 1.016749145818575339e+00 1.225299194766937827e-02
2.458550557721955702e+06 1.018012660112662227e+00 1.225299194766937827e-02
2.458550578555741347e+06 1.013456948073348851e+00 1.225299194766937827e-02
2.458550599389526062e+06 1.013209350981791212e+00 1.225299194766937827e-02
2.458550620223309845e+06 1.014901309953595288e+00 1.225299194766937827e-02
2.458550641057093628e+06 1.012318499862995713e+00 1.225299194766937827e-02
2.458550661890875548e+06 1.003687971304830118e+00 1.225299194766937827e-02
2.458550682724657003e+06 9.865233317911510369e-01 1.225299194766937827e-02
2.458550703558437526e+06 9.662876494244987402e-01 1.225299194766937827e-02
2.458550724392217118e+06 9.485807427646555379e-01 1.225299194766937827e-02
2.458550745225995779e+06 9.329246176625526354e-01 1.225299194766937827e-02
2.458550766059773508e+06 9.361699388040739533e-01 1.225299194766937827e-02
2.458550786893550772e+06 9.536477142179096145e-01 1.225299194766937827e-02
2.458550807727327105e+06 9.724331450511879416e-01 1.225299194766937827e-02
2.458550828561102040e+06 9.923936093662898417e-01 1.225299194766937827e-02
2.458550849394876976e+06 1.001664946839056380e+00 1.225299194766937827e-02
2.458550870228650048e+06 1.006974258114641696e+00 1.225299194766937827e-02
2.458550891062422656e+06 1.006850617950783677e+00 1.225299194766937827e-02
2.458550911896194331e+06 1.008032966981460499e+00 1.225299194766937827e-02
2.458550932729965542e+06 1.010358615957310358e+00 1.225299194766937827e-02
2.458550953563735355e+06 1.014085153200212197e+00 1.225299194766937827e-02
2.458550974397504237e+06 1.014478153995329146e+00 1.225299194766937827e-02
2.458550995231272653e+06 1.018762649724781255e+00 1.225299194766937827e-02
2.458551016065039672e+06 1.021001110992569627e+00 1.225299194766937827e-02
2.458551036898805760e+06 1.019901683929648417e+00 1.225299194766937827e-02
2.458551057732571382e+06 1.020864452842112691e+00 1.225299194766937827e-02
2.458551078566336073e+06 1.018131747078391269e+00 1.225299194766937827e-02
2.458551099400099833e+06 1.013393262734436862e+00 1.225299194766937827e-02
2.458551120233862195e+06 1.011790830767152594e+00 1.225299194766937827e-02
2.458551141067624558e+06 1.011444016619095221e+00 1.225299194766937827e-02
2.458551161901385523e+06 1.005002848827431627e+00 1.225299194766937827e-02
2.458551182735145558e+06 1.006864101452610516e+00 1.225299194766937827e-02
2.458551203568904195e+06 1.005937019054443660e+00 1.225299194766937827e-02
2.458551224402662832e+06 1.002958878418266808e+00 1.225299194766937827e-02
2.458551245236420073e+06 9.770162341558522590e-01 1.225299194766937827e-02
2.458551266070176382e+06 9.047175884842650895e-01 1.225299194766937827e-02
2.458551286903932225e+06 8.078984281927698019e-01 1.225299194766937827e-02
2.458551307737686671e+06 7.118476049570497954e-01 1.225299194766937827e-02
2.458551328571440186e+06 6.579516239819247492e-01 1.225299194766937827e-02
2.458551349405192770e+06 6.653099798164040513e-01 1.225299194766937827e-02
2.458551370238944888e+06 7.603051900954023168e-01 1.225299194766937827e-02
2.458551391072696075e+06 8.533149111753238758e-01 1.225299194766937827e-02
2.458551411906445865e+06 9.400246214505831865e-01 1.225299194766937827e-02
2.458551432740195189e+06 9.946540068368118215e-01 1.225299194766937827e-02
2.458551453573943116e+06 1.003135975664463331e+00 1.225299194766937827e-02
2.458551474407690112e+06 1.006312157459037904e+00 1.225299194766937827e-02
2.458551495241436176e+06 1.010248503439354462e+00 1.225299194766937827e-02
2.458551516075181775e+06 1.012472133824463771e+00 1.225299194766937827e-02
2.458551536908925977e+06 1.016740298536493947e+00 1.225299194766937827e-02
2.458551557742669247e+06 1.020144509002046673e+00 1.225299194766937827e-02
2.458551578576412052e+06 1.020381121682802261e+00 1.225299194766937827e-02
2.458551599410153925e+06 1.024957042071496627e+00 1.225299194766937827e-02
2.458551620243894402e+06 1.025753814733830094e+00 1.225299194766937827e-02
2.458551641077633481e+06 1.027987307434805597e+00 1.225299194766937827e-02
2.458551661911372561e+06 1.028685172012897109e+00 1.225299194766937827e-02
2.458551682745110244e+06 1.026389087020054713e+00 1.225299194766937827e-02
2.458551703578846995e+06 1.025119723082412504e+00 1.225299194766937827e-02
2.458551724412583280e+06 1.021334828564598229e+00 1.225299194766937827e-02
2.458551745246318169e+06 1.021020871901601179e+00 1.225299194766937827e-02
2.458551766080051661e+06 1.015851014983345069e+00 1.225299194766937827e-02
2.458551786913784686e+06 1.018186298561174263e+00 1.225299194766937827e-02
2.458551807747516781e+06 1.015908136436401099e+00 1.225299194766937827e-02
2.458551828581247944e+06 1.007231232692279210e+00 1.225299194766937827e-02
2.458551849414977711e+06 9.951902503012324264e-01 1.225299194766937827e-02
2.458551870248707011e+06 9.734767045500131166e-01 1.225299194766937827e-02
2.458551891082434915e+06 9.520210834572819802e-01 1.225299194766937827e-02
2.458551911916161887e+06 9.402483469805446026e-01 1.225299194766937827e-02
2.458551932749887928e+06 9.371703524231602689e-01 1.225299194766937827e-02
2.458551953583613504e+06 9.529296587757271064e-01 1.225299194766937827e-02
2.458551974417337682e+06 9.742482147917117530e-01 1.225299194766937827e-02
2.458551995251060463e+06 9.909877871293786278e-01 1.225299194766937827e-02
2.458552016084783245e+06 1.003045902922242272e+00 1.225299194766937827e-02
2.458552036918504164e+06 1.006832955374585392e+00 1.225299194766937827e-02
2.458552057752224151e+06 1.008518183164892390e+00 1.225299194766937827e-02
2.458552078585943673e+06 1.009379048135508938e+00 1.225299194766937827e-02
2.458552099419661798e+06 1.014392104586576249e+00 1.225299194766937827e-02
2.458552120253378991e+06 1.016787630175292945e+00 1.225299194766937827e-02
2.458552141087095253e+06 1.018530913592199161e+00 1.225299194766937827e-02
2.458552161920810584e+06 1.020658702012579022e+00 1.225299194766937827e-02
2.458552182754524518e+06 1.021803416331239056e+00 1.225299194766937827e-02
2.458552203588237520e+06 1.020313865461010439e+00 1.225299194766937827e-02
2.458552224421949591e+06 1.023346753083162142e+00 1.225299194766937827e-02
2.458552245255661197e+06 1.020764984219558302e+00 1.225299194766937827e-02
2.458552266089370940e+06 1.022042126922837912e+00 1.225299194766937827e-02
2.458552286923080217e+06 1.019647669280451030e+00 1.225299194766937827e-02
2.458552307756788563e+06 1.016546570660547655e+00 1.225299194766937827e-02
2.458552328590495046e+06 1.017120136824308796e+00 1.225299194766937827e-02
2.458552349424201064e+06 1.013623689184560694e+00 1.225299194766937827e-02
2.458552370257905684e+06 1.010330733847717433e+00 1.225299194766937827e-02
2.458552391091609839e+06 1.008605226796007059e+00 1.225299194766937827e-02
2.458552411925312597e+06 9.895371788093129117e-01 1.225299194766937827e-02
2.458552432759014424e+06 9.221411302978178570e-01 1.225299194766937827e-02
2.458552453592714854e+06 8.288976452610414825e-01 1.225299194766937827e-02
2.458552474426414818e+06 7.337620421985855401e-01 1.225299194766937827e-02
2.458552495260106865e+06 6.635731828203708105e-01 1.225299194766937827e-02
2.458552516093804501e+06 6.628696859775651262e-01 1.225299194766937827e-02
2.458552536927501205e+06 7.371254970999117084e-01 1.225299194766937827e-02
2.458552557761196513e+06 8.352621362631178492e-01 1.225299194766937827e-02
2.458552578594890423e+06 9.253141640080422281e-01 1.225299194766937827e-02
2.458552599428583868e+06 9.865053497008164918e-01 1.225299194766937827e-02
2.458552620262276381e+06 1.000295657201428101e+00 1.225299194766937827e-02
2.458552661929656751e+06 1.002065355585168849e+00 1.225299194766937827e-02
2.458552682763346005e+06 1.006408174169927783e+00 1.225299194766937827e-02
2.458552703597033862e+06 1.006451708881880958e+00 1.225299194766937827e-02
2.458552724430720322e+06 1.005775910887344526e+00 1.225299194766937827e-02
2.458552745264405850e+06 1.011235568201479085e+00 1.225299194766937827e-02
2.458552766098090447e+06 1.014600281362651568e+00 1.225299194766937827e-02
2.458552786931773648e+06 1.020389556668787945e+00 1.225299194766937827e-02
2.458552807765455917e+06 1.018700175078151915e+00 1.225299194766937827e-02
2.458552828599137254e+06 1.022414978747263392e+00 1.225299194766937827e-02
2.458552849432816729e+06 1.020179635785205763e+00 1.225299194766937827e-02
2.458552870266495738e+06 1.016443774290957336e+00 1.225299194766937827e-02
2.458552891100172885e+06 1.009475066182545788e+00 1.225299194766937827e-02
2.458552911933850031e+06 1.014560136608697816e+00 1.225299194766937827e-02
2.458552932767525315e+06 1.015394937564300770e+00 1.225299194766937827e-02
2.458552953601199202e+06 1.009402707377394570e+00 1.225299194766937827e-02
2.458552974434872624e+06 1.001441459367170328e+00 1.225299194766937827e-02
2.458552995268544182e+06 1.000658319231126026e+00 1.225299194766937827e-02
2.458553016102214810e+06 9.907883517014682839e-01 1.225299194766937827e-02
2.458553036935884506e+06 9.749022457127911601e-01 1.225299194766937827e-02
2.458553057769553270e+06 9.513386448561000908e-01 1.225299194766937827e-02
2.458553078603220172e+06 9.279167481325251154e-01 1.225299194766937827e-02
2.458553099436886143e+06 9.262174695659363133e-01 1.225299194766937827e-02
2.458553120270551182e+06 9.299798882239403985e-01 1.225299194766937827e-02
2.458553141104214359e+06 9.575883361046577669e-01 1.225299194766937827e-02
2.458553161937876604e+06 9.725574004935402250e-01 1.225299194766937827e-02
2.458553182771537919e+06 9.859443485906125293e-01 1.225299194766937827e-02
2.458553203605197836e+06 9.958387664101353565e-01 1.225299194766937827e-02
2.458553224438856356e+06 1.001838587919291257e+00 1.225299194766937827e-02
2.458553245272513945e+06 9.995623500201457068e-01 1.225299194766937827e-02
2.458553266106170136e+06 1.001178807550060501e+00 1.225299194766937827e-02
2.458553286939825397e+06 1.001265925819452729e+00 1.225299194766937827e-02
2.458553307773478795e+06 1.005188082936501859e+00 1.225299194766937827e-02
2.458553328607131261e+06 1.010213347050208599e+00 1.225299194766937827e-02
2.458553349440782797e+06 1.014367613911125288e+00 1.225299194766937827e-02
2.458553370274432469e+06 1.013097317676614484e+00 1.225299194766937827e-02
2.458553391108080745e+06 1.014324167457932191e+00 1.225299194766937827e-02
2.458553411941728555e+06 1.018300652517438509e+00 1.225299194766937827e-02
2.458553432775374502e+06 1.013122888589716553e+00 1.225299194766937827e-02
2.458553453609019052e+06 1.012530582210433350e+00 1.225299194766937827e-02
2.458553474442662206e+06 1.011086829060235726e+00 1.225299194766937827e-02
2.458553495276304893e+06 1.010696017151570425e+00 1.225299194766937827e-02
2.458553516109945253e+06 1.007237497747250909e+00 1.225299194766937827e-02
2.458553536943584681e+06 1.006534401259777667e+00 1.225299194766937827e-02
2.458553557777223177e+06 1.001700699380964954e+00 1.225299194766937827e-02
2.458553578610859346e+06 9.919606350453314958e-01 1.225299194766937827e-02
2.458553599444494583e+06 9.352002228959349628e-01 1.225299194766937827e-02
2.458553620278128423e+06 8.452994938758933152e-01 1.225299194766937827e-02
2.458553641111761332e+06 7.556869089692236363e-01 1.225299194766937827e-02
2.458553661945392843e+06 6.635844619608897155e-01 1.225299194766937827e-02
2.458553682779022492e+06 6.576814136971386171e-01 1.225299194766937827e-02
2.458553703612651210e+06 7.205009630555609945e-01 1.225299194766937827e-02
2.458553724446278065e+06 8.140347751440404345e-01 1.225299194766937827e-02
2.458553745279903058e+06 9.058339166524428387e-01 1.225299194766937827e-02
2.458553766113527119e+06 9.751454637603931275e-01 1.225299194766937827e-02
2.458553786947150249e+06 9.989587606974784650e-01 1.225299194766937827e-02
2.458553807780771051e+06 1.003307159460115949e+00 1.225299194766937827e-02
2.458553828614390921e+06 1.005461001576997804e+00 1.225299194766937827e-02
2.458553849448009394e+06 1.008280019212873135e+00 1.225299194766937827e-02
2.458553870281626005e+06 1.013569828384311977e+00 1.225299194766937827e-02
2.458553891115241218e+06 1.016418699179287843e+00 1.225299194766937827e-02
2.458553911948854569e+06 1.019340437254502296e+00 1.225299194766937827e-02
2.458553932782466989e+06 1.022990576353034253e+00 1.225299194766937827e-02
2.458553953616077546e+06 1.021823459506153275e+00 1.225299194766937827e-02
2.458553974449686706e+06 1.023711307614548538e+00 1.225299194766937827e-02
2.458553995283294469e+06 1.024024430833049948e+00 1.225299194766937827e-02
2.458554016116900370e+06 1.028273331163556792e+00 1.225299194766937827e-02
2.458554036950504407e+06 1.025503243934377418e+00 1.225299194766937827e-02
2.458554057784107048e+06 1.023728734921521166e+00 1.225299194766937827e-02
2.458554078617708292e+06 1.022199329272275747e+00 1.225299194766937827e-02
2.458554099451307673e+06 1.017835614218811191e+00 1.225299194766937827e-02
2.458554120284905192e+06 1.015215137339175344e+00 1.225299194766937827e-02
2.458554141118501779e+06 1.013089294893287695e+00 1.225299194766937827e-02
2.458554161952096038e+06 1.009926571495125325e+00 1.225299194766937827e-02
2.458554182785688434e+06 9.952606590538741749e-01 1.225299194766937827e-02
2.458554203619279433e+06 9.769921610856493466e-01 1.225299194766937827e-02
2.458554224452869035e+06 9.553651031474489352e-01 1.225299194766937827e-02
2.458554245286456309e+06 9.358644291692421735e-01 1.225299194766937827e-02
2.458554266120042186e+06 9.282725720969102756e-01 1.225299194766937827e-02
2.458554286953626201e+06 9.395668716190137548e-01 1.225299194766937827e-02
2.458554307787208352e+06 9.618739180637739805e-01 1.225299194766937827e-02
2.458554328620788176e+06 9.784924993679232630e-01 1.225299194766937827e-02
2.458554349454366602e+06 9.926747070983357180e-01 1.225299194766937827e-02
2.458554370287943631e+06 9.969012810282993353e-01 1.225299194766937827e-02
2.458554391121518333e+06 9.986863405358438195e-01 1.225299194766937827e-02
2.458554411955090705e+06 1.001662256411114393e+00 1.225299194766937827e-02
2.458554432788662147e+06 1.002363769366532820e+00 1.225299194766937827e-02
2.458554453622230794e+06 1.007192337908659807e+00 1.225299194766937827e-02
2.458554474455797579e+06 1.010457972234401147e+00 1.225299194766937827e-02
2.458554495289362501e+06 1.013463447905603942e+00 1.225299194766937827e-02
2.458554516122925561e+06 1.015949141396634836e+00 1.225299194766937827e-02
2.458554536956486292e+06 1.016302118147267786e+00 1.225299194766937827e-02
2.458554557790045161e+06 1.017321483334100218e+00 1.225299194766937827e-02
2.458554578623602167e+06 1.017975413707023824e+00 1.225299194766937827e-02
2.458554599457156379e+06 1.015322873467754183e+00 1.225299194766937827e-02
2.458554620290708728e+06 1.015779905214397649e+00 1.225299194766937827e-02
2.458554641124258749e+06 1.014903592181543246e+00 1.225299194766937827e-02
2.458554661957807373e+06 1.009671386987662345e+00 1.225299194766937827e-02
2.458554682791352738e+06 1.008725989030743175e+00 1.225299194766937827e-02
2.458554703624896239e+06 1.007723597296312112e+00 1.225299194766937827e-02
2.458554724458437879e+06 1.003611958191231501e+00 1.225299194766937827e-02
2.458554745291976724e+06 9.970121472411065389e-01 1.225299194766937827e-02
2.458554766125513241e+06 9.507940867049399225e-01 1.225299194766937827e-02
2.458554786959046964e+06 8.657145450498748840e-01 1.225299194766937827e-02
2.458554807792579290e+06 7.700453089702232745e-01 1.225299194766937827e-02
2.458554828626108356e+06 6.686273642142555040e-01 1.225299194766937827e-02
2.458554849459635094e+06 6.527455712571966773e-01 1.225299194766937827e-02
2.458554870293159969e+06 6.932224032489807675e-01 1.225299194766937827e-02
2.458554891126681585e+06 7.907984528456379891e-01 1.225299194766937827e-02
2.458554911960200407e+06 8.941869316278783231e-01 1.225299194766937827e-02
2.458554932793716900e+06 9.683376369114999882e-01 1.225299194766937827e-02
2.458554953627231065e+06 9.996355602440734067e-01 1.225299194766937827e-02
2.458554974460742436e+06 1.000683548296258385e+00 1.225299194766937827e-02
2.458554995294250548e+06 1.007006202347529022e+00 1.225299194766937827e-02
2.458555016127756797e+06 1.010447985991540953e+00 1.225299194766937827e-02
2.458555036961259320e+06 1.015098405642655521e+00 1.225299194766937827e-02
2.458555057794759516e+06 1.016846620440696958e+00 1.225299194766937827e-02
2.458555078628256451e+06 1.022845587283075064e+00 1.225299194766937827e-02
2.458555099461751059e+06 1.024750369317081411e+00 1.225299194766937827e-02
2.458555120295242406e+06 1.027283773640211395e+00 1.225299194766937827e-02
2.458555141128730495e+06 1.029175257386502729e+00 1.225299194766937827e-02
2.458555161962216254e+06 1.030402562495412733e+00 1.225299194766937827e-02
2.458555182795698289e+06 1.032719236221956161e+00 1.225299194766937827e-02
2.458555203629177529e+06 1.030917528616679402e+00 1.225299194766937827e-02
2.458555224462653510e+06 1.027877804956761620e+00 1.225299194766937827e-02
2.458555245296126697e+06 1.028319324898959275e+00 1.225299194766937827e-02
2.458555266129596159e+06 1.024626075135265602e+00 1.225299194766937827e-02
2.458555286963062827e+06 1.017915163835780179e+00 1.225299194766937827e-02
2.458555307796526700e+06 1.017317065861630399e+00 1.225299194766937827e-02
2.458555328629986849e+06 1.014772171881228369e+00 1.225299194766937827e-02
2.458555349463443272e+06 1.004474133343860265e+00 1.225299194766937827e-02
2.458555370296896901e+06 9.893258037890247936e-01 1.225299194766937827e-02
2.458555391130347736e+06 9.654159680592897530e-01 1.225299194766937827e-02
2.458555411963795312e+06 9.432605502852636770e-01 1.225299194766937827e-02
2.458555432797239162e+06 9.359407012763460987e-01 1.225299194766937827e-02
2.458555453630680218e+06 9.427588681890490818e-01 1.225299194766937827e-02
2.458555474464118015e+06 9.633873671663347737e-01 1.225299194766937827e-02
2.458555495297552552e+06 9.845077221810787371e-01 1.225299194766937827e-02
2.458555516130984295e+06 9.995256638950379413e-01 1.225299194766937827e-02
2.458555536964413710e+06 1.009269462339813517e+00 1.225299194766937827e-02
2.458558016150610056e+06 9.979774793932094656e-01 1.225299194766937827e-02
2.458558036984156352e+06 1.002452358708868285e+00 1.225299194766937827e-02
2.458558057817702182e+06 1.002672228817554911e+00 1.225299194766937827e-02
2.458558078651247546e+06 1.003014499400072701e+00 1.225299194766937827e-02
2.458558099484793376e+06 1.003945489877643871e+00 1.225299194766937827e-02
2.458558120318337809e+06 1.005560808263086470e+00 1.225299194766937827e-02
2.458558141151882708e+06 1.005025651450087709e+00 1.225299194766937827e-02
2.458558161985426676e+06 1.002875670509137285e+00 1.225299194766937827e-02
2.458558182818971109e+06 1.000282717995158110e+00 1.225299194766937827e-02
2.458558203652514610e+06 1.000954330047799656e+00 1.225299194766937827e-02
2.458558224486057647e+06 9.991687607503463298e-01 1.225299194766937827e-02
2.458558245319601148e+06 9.994966357365594467e-01 1.225299194766937827e-02
2.458558266153143719e+06 9.782957085174965872e-01 1.225299194766937827e-02
2.458558286986685824e+06 9.133280266696149896e-01 1.225299194766937827e-02
2.458558307820227463e+06 8.222741357286584840e-01 1.225299194766937827e-02
2.458558328653769102e+06 7.376785294630122669e-01 1.225299194766937827e-02
2.458558349487310275e+06 6.765560074959338088e-01 1.225299194766937827e-02
2.458558370320850518e+06 6.828897942633996854e-01 1.225299194766937827e-02
2.458558391154391225e+06 7.656464870921307897e-01 1.225299194766937827e-02
2.458558411987931002e+06 8.476356997018661410e-01 1.225299194766937827e-02
2.458558432821470313e+06 9.298984047888277926e-01 1.225299194766937827e-02
2.458558453655009158e+06 9.888811048322198038e-01 1.225299194766937827e-02
2.458558474488548003e+06 1.001013369633114714e+00 1.225299194766937827e-02
2.458558495322086383e+06 1.005632274230999101e+00 1.225299194766937827e-02
2.458558516155623831e+06 1.008094959422893178e+00 1.225299194766937827e-02
2.458558536989161279e+06 1.014928624151061776e+00 1.225299194766937827e-02
2.458558557822698262e+06 1.018430963077555873e+00 1.225299194766937827e-02
2.458559099494480994e+06 1.007100467122766574e+00 1.225299194766937827e-02
2.458559120328004006e+06 1.013126553130942353e+00 1.225299194766937827e-02
2.458559141161526553e+06 1.014701635250389256e+00 1.225299194766937827e-02
2.458559161995048169e+06 1.016814509494599728e+00 1.225299194766937827e-02
2.458559182828569319e+06 1.018214226917758980e+00 1.225299194766937827e-02
2.458559203662090003e+06 1.022902608501914390e+00 1.225299194766937827e-02
2.458559224495609757e+06 1.023110359764517918e+00 1.225299194766937827e-02
2.458559245329129044e+06 1.026300584437715324e+00 1.225299194766937827e-02
2.458559266162647866e+06 1.024507844310128313e+00 1.225299194766937827e-02
2.458559286996166222e+06 1.024312357412579866e+00 1.225299194766937827e-02
2.458559307829684112e+06 1.020767711381274090e+00 1.225299194766937827e-02
2.458559328663200606e+06 1.015520002083221351e+00 1.225299194766937827e-02
2.458559349496717565e+06 1.013471050904159787e+00 1.225299194766937827e-02
2.458559370330233127e+06 1.012700323984882633e+00 1.225299194766937827e-02
2.458559391163748223e+06 1.011026017897936224e+00 1.225299194766937827e-02
2.458559411997262854e+06 1.008335611746365768e+00 1.225299194766937827e-02
2.458559432830777019e+06 9.946279352013461805e-01 1.225299194766937827e-02
2.458559453664290719e+06 9.323507218449170741e-01 1.225299194766937827e-02
2.458559474497803021e+06 8.432002802980963496e-01 1.225299194766937827e-02
2.458559495331315789e+06 7.521299551902365099e-01 1.225299194766937827e-02
2.458559516164827161e+06 6.699956918160516750e-01 1.225299194766937827e-02
2.458559536998338066e+06 6.673382968625087841e-01 1.225299194766937827e-02
2.458559557831848040e+06 7.336281840223555228e-01 1.225299194766937827e-02
2.458559578665358014e+06 8.236431011399789615e-01 1.225299194766937827e-02
2.458559599498867057e+06 9.141452613560595575e-01 1.225299194766937827e-02
2.458559620332375169e+06 9.832398637465434854e-01 1.225299194766937827e-02
2.458559641165883280e+06 1.001022974748931871e+00 1.225299194766937827e-02
2.458559661999390461e+06 9.989575716875489508e-01 1.225299194766937827e-02
2.458559682832893450e+06 1.008539838255879451e+00 1.225299194766937827e-02
2.458559703666399233e+06 1.006988725938823270e+00 1.225299194766937827e-02
2.458559724499904551e+06 1.011382129109014372e+00 1.225299194766937827e-02
2.458559745333408937e+06 1.016419150899175783e+00 1.225299194766937827e-02
2.458559766166912857e+06 1.019525468772231713e+00 1.225299194766937827e-02
2.458559787000416312e+06 1.023175557311145401e+00 1.225299194766937827e-02
2.458559807833918836e+06 1.027479800251524411e+00 1.225299194766937827e-02
2.458559828667420894e+06 1.022247181220844903e+00 1.225299194766937827e-02
2.458559849500922021e+06 1.031326712717812510e+00 1.225299194766937827e-02
2.458559870334423147e+06 1.028134179182822905e+00 1.225299194766937827e-02
2.458559891167922877e+06 1.028976547718585044e+00 1.225299194766937827e-02
2.458559932834920939e+06 1.026811832871866725e+00 1.225299194766937827e-02
2.458559953668418806e+06 1.016199465134920432e+00 1.225299194766937827e-02
2.458559974501916207e+06 1.011626576596544647e+00 1.225299194766937827e-02
2.458559995335412677e+06 1.016270881912149759e+00 1.225299194766937827e-02
2.458560016168909147e+06 1.004721214005298124e+00 1.225299194766937827e-02
2.458560037002404220e+06 9.940591655113685254e-01 1.225299194766937827e-02
2.458560057835898828e+06 9.765359598316586398e-01 1.225299194766937827e-02
2.458560078669393435e+06 9.555713607081582905e-01 1.225299194766937827e-02
2.458560099502886645e+06 9.310718370708289671e-01 1.225299194766937827e-02
2.458560120336378925e+06 9.252984580474357124e-01 1.225299194766937827e-02
2.458560141169870738e+06 9.336020034277270341e-01 1.225299194766937827e-02
2.458560162003362551e+06 9.534278612654122353e-01 1.225299194766937827e-02
2.458560182836852968e+06 9.764670811386093607e-01 1.225299194766937827e-02
2.458560203670342918e+06 9.906005442038325892e-01 1.225299194766937827e-02
2.458560224503832404e+06 9.905231515874867165e-01 1.225299194766937827e-02
2.458560245337320492e+06 9.865348158187116079e-01 1.225299194766937827e-02
2.458560266170808580e+06 9.913232823523353554e-01 1.225299194766937827e-02
2.458560287004295271e+06 9.929175497875016854e-01 1.225299194766937827e-02
2.458560307837782428e+06 9.970576749744866074e-01 1.225299194766937827e-02
2.458560328671268187e+06 1.005677397656615346e+00 1.225299194766937827e-02
2.458560349504753016e+06 1.005821784976224320e+00 1.225299194766937827e-02
2.458560370338237379e+06 1.005213081798810526e+00 1.225299194766937827e-02
2.458560391171721276e+06 1.005816464861526871e+00 1.225299194766937827e-02
2.458560412005204242e+06 1.009817856745903075e+00 1.225299194766937827e-02
2.458560432838686276e+06 1.010078701233490195e+00 1.225299194766937827e-02
2.458560453672168311e+06 1.009078351666557127e+00 1.225299194766937827e-02
2.458560474505648948e+06 1.007882936134730345e+00 1.225299194766937827e-02
2.458560495339129120e+06 1.010557934552324122e+00 1.225299194766937827e-02
2.458560516172608361e+06 1.010537441409961712e+00 1.225299194766937827e-02
2.458560537006087601e+06 1.010153815504922781e+00 1.225299194766937827e-02
2.458560557839565445e+06 1.005958552264925254e+00 1.225299194766937827e-02
2.458560578673042823e+06 1.004307648048472501e+00 1.225299194766937827e-02
2.458560599506519735e+06 9.914976588428686677e-01 1.225299194766937827e-02
2.458560620339995716e+06 9.450997465098782691e-01 1.225299194766937827e-02
2.458560641173470765e+06 8.545067423351145885e-01 1.225299194766937827e-02
2.458560662006945349e+06 7.573705504501775376e-01 1.225299194766937827e-02
2.458560682840419468e+06 6.613624643534855574e-01 1.225299194766937827e-02
2.458560703673892189e+06 6.494131782542041931e-01 1.225299194766937827e-02
2.458560724507364444e+06 6.976854353107878604e-01 1.225299194766937827e-02
2.458560745340836700e+06 7.979790633421921520e-01 1.225299194766937827e-02
2.458560766174307093e+06 9.001039102804646586e-01 1.225299194766937827e-02
2.458560787007777486e+06 9.707405024573567687e-01 1.225299194766937827e-02
2.458560807841246948e+06 1.000424151142749185e+00 1.225299194766937827e-02
2.458560828674715944e+06 1.002447596028720467e+00 1.225299194766937827e-02
2.458560849508183543e+06 1.009092055192948978e+00 1.225299194766937827e-02
2.458560870341651142e+06 1.009218327613007338e+00 1.225299194766937827e-02
2.458560891175117809e+06 1.015899950223665860e+00 1.225299194766937827e-02
2.458560912008583546e+06 1.017670178998149488e+00 1.225299194766937827e-02
2.458560932842048351e+06 1.018990407899972528e+00 1.225299194766937827e-02
2.458560953675512690e+06 1.023718665079693890e+00 1.225299194766937827e-02
2.458560974508977029e+06 1.029142641154336513e+00 1.225299194766937827e-02
2.458560995342439506e+06 1.026280547128383347e+00 1.225299194766937827e-02
2.458561016175901517e+06 1.029265463201946229e+00 1.225299194766937827e-02
2.458561037009363528e+06 1.027874930447380653e+00 1.225299194766937827e-02
2.458561057842824142e+06 1.028985388646760590e+00 1.225299194766937827e-02
2.458561078676283825e+06 1.022794854025814271e+00 1.225299194766937827e-02
2.458561099509743042e+06 1.026521180500592489e+00 1.225299194766937827e-02
2.458561120343201794e+06 1.023399307895671129e+00 1.225299194766937827e-02
2.458561141176659614e+06 1.023522323838166104e+00 1.225299194766937827e-02
2.458561162010116503e+06 1.022264877714341269e+00 1.225299194766937827e-02
2.458561182843572926e+06 1.017149545743629480e+00 1.225299194766937827e-02
2.458561203677028418e+06 1.004228203581859935e+00 1.225299194766937827e-02
2.458561224510482978e+06 9.876502823480529658e-01 1.225299194766937827e-02
2.458561245343937073e+06 9.669715905857864113e-01 1.225299194766937827e-02
2.458561266177390702e+06 9.448041642739939405e-01 1.225299194766937827e-02
2.458561287010842934e+06 9.367814502424066658e-01 1.225299194766937827e-02
2.458561307844294701e+06 9.427596658428205600e-01 1.225299194766937827e-02
2.458561328677746002e+06 9.638009746257215626e-01 1.225299194766937827e-02
2.458561349511196371e+06 9.826070893953111618e-01 1.225299194766937827e-02
2.458561370344645809e+06 9.951107038522883919e-01 1.225299194766937827e-02
2.458561391178094316e+06 1.006176209745107464e+00 1.225299194766937827e-02
2.458561412011542823e+06 1.008107474859845309e+00 1.225299194766937827e-02
2.458561432844989933e+06 1.007263198706673357e+00 1.225299194766937827e-02
2.458561453678436577e+06 1.008943347886401831e+00 1.225299194766937827e-02
2.458561474511882290e+06 1.010160112382494590e+00 1.225299194766937827e-02
2.458561495345327538e+06 1.015806607867702827e+00 1.225299194766937827e-02
2.458561516178771388e+06 1.017530882242694057e+00 1.225299194766937827e-02
2.458561537012214772e+06 1.015486634405508903e+00 1.225299194766937827e-02
2.458561557845658157e+06 1.018253066859781564e+00 1.225299194766937827e-02
2.458561578679099679e+06 1.018642403915159589e+00 1.225299194766937827e-02
2.458561599512540735e+06 1.017861279554369558e+00 1.225299194766937827e-02
2.458561620345981326e+06 1.017863683227970162e+00 1.225299194766937827e-02
2.458561641179421451e+06 1.017210374799381700e+00 1.225299194766937827e-02
2.458561662012860179e+06 1.014428988632268824e+00 1.225299194766937827e-02
2.458561682846297976e+06 1.012030271691591876e+00 1.225299194766937827e-02
2.458561703679735772e+06 1.012222754086845589e+00 1.225299194766937827e-02
2.458561724513172172e+06 1.009601670856518307e+00 1.225299194766937827e-02
2.458561745346608106e+06 1.004600962608852122e+00 1.225299194766937827e-02
2.458561766180042643e+06 1.000468360060673190e+00 1.225299194766937827e-02
2.458561787013477646e+06 9.576446241074670906e-01 1.225299194766937827e-02
2.458561807846910786e+06 8.830839468729919650e-01 1.225299194766937827e-02
2.458561828680343460e+06 7.710271652187522529e-01 1.225299194766937827e-02
2.458561849513775669e+06 6.811300641461254246e-01 1.225299194766937827e-02
2.458561870347206946e+06 6.572840746653727528e-01 1.225299194766937827e-02
2.458561891180637293e+06 6.891401624953601424e-01 1.225299194766937827e-02
2.458561912014066707e+06 7.821074075339455867e-01 1.225299194766937827e-02
2.458561932847495656e+06 8.921105028650289093e-01 1.225299194766937827e-02
2.458561953680923674e+06 9.621024003520552981e-01 1.225299194766937827e-02
2.458561974514351226e+06 9.987291639520752273e-01 1.225299194766937827e-02
2.458561995347777847e+06 1.002202575315342514e+00 1.225299194766937827e-02
2.458562016181203537e+06 1.006116121029917210e+00 1.225299194766937827e-02
2.458562037014628295e+06 1.007960057423271660e+00 1.225299194766937827e-02
2.458562057848052122e+06 1.012911448497033184e+00 1.225299194766937827e-02
2.458562078681475949e+06 1.013445784148857554e+00 1.225299194766937827e-02
2.458562099514898378e+06 1.015977043537122260e+00 1.225299194766937827e-02
2.458562120348320343e+06 1.020566179511855465e+00 1.225299194766937827e-02
2.458562141181741375e+06 1.023492924376235402e+00 1.225299194766937827e-02
2.458562162015161477e+06 1.024302042927336398e+00 1.225299194766937827e-02
2.458562182848581113e+06 1.023353008632217565e+00 1.225299194766937827e-02
2.458562203681999352e+06 1.022464125450208927e+00 1.225299194766937827e-02
2.458562224515417591e+06 1.021765014810692485e+00 1.225299194766937827e-02
2.458562245348834433e+06 1.018043574501036330e+00 1.225299194766937827e-02
2.458562266182250809e+06 1.015943455304261223e+00 1.225299194766937827e-02
2.458562287015666720e+06 1.014086037719447830e+00 1.225299194766937827e-02
2.458562307849081233e+06 1.015151264193643321e+00 1.225299194766937827e-02
2.458562328682494815e+06 1.007165199234006048e+00 1.225299194766937827e-02
2.458562349515907932e+06 1.006206853660278400e+00 1.225299194766937827e-02
2.458562370349320583e+06 9.943398799279994371e-01 1.225299194766937827e-02
2.458562391182731837e+06 9.808529644466420505e-01 1.225299194766937827e-02
2.458562412016142160e+06 9.619501353356909590e-01 1.225299194766937827e-02
2.458562432849552482e+06 9.394907333840013530e-01 1.225299194766937827e-02
2.458562453682961408e+06 9.317063928863128508e-01 1.225299194766937827e-02
2.458562474516369868e+06 9.331464812182812540e-01 1.225299194766937827e-02
2.458562495349776931e+06 9.563532274304773484e-01 1.225299194766937827e-02
2.458562516183183994e+06 9.746827275183440609e-01 1.225299194766937827e-02
2.458562537016589660e+06 9.890941115697262642e-01 1.225299194766937827e-02
2.458562557849994861e+06 1.000396615499441033e+00 1.225299194766937827e-02
2.458562578683398664e+06 1.000368371420665703e+00 1.225299194766937827e-02
2.458562599516802467e+06 1.004467532187446555e+00 1.225299194766937827e-02
2.458562620350200217e+06 1.004756137648499248e+00 1.225299194766937827e-02
2.458562641183601692e+06 1.007370827677495750e+00 1.225299194766937827e-02
2.458562662017003167e+06 1.007337400214502798e+00 1.225299194766937827e-02
2.458562682850403246e+06 1.011420219775745810e+00 1.225299194766937827e-02
2.458562703683802392e+06 1.012052395305550023e+00 1.225299194766937827e-02
2.458562724517201073e+06 1.015132934776464824e+00 1.225299194766937827e-02
2.458562745350598823e+06 1.015578244869738134e+00 1.225299194766937827e-02
2.458562766183995642e+06 1.014013585829971253e+00 1.225299194766937827e-02
2.458562787017391529e+06 1.014232477653977282e+00 1.225299194766937827e-02
2.458562807850787416e+06 1.010912138669714411e+00 1.225299194766937827e-02
2.458562828684181441e+06 1.012180303870608755e+00 1.225299194766937827e-02
2.458562849517574999e+06 1.007925196925346656e+00 1.225299194766937827e-02
2.458562870350967627e+06 1.007021349351063577e+00 1.225299194766937827e-02
2.458562891184360255e+06 1.003803075271055167e+00 1.225299194766937827e-02
2.458562912017751019e+06 1.004929821646601162e+00 1.225299194766937827e-02
2.458562932851141319e+06 1.000500448255101427e+00 1.225299194766937827e-02
2.458562953684531152e+06 9.645789013337048301e-01 1.225299194766937827e-02
2.458562974517919589e+06 8.962183531504664957e-01 1.225299194766937827e-02
2.458562995351307560e+06 7.911914242636591821e-01 1.225299194766937827e-02
2.458563016184694599e+06 6.887588414738264886e-01 1.225299194766937827e-02
2.458563057851466350e+06 6.698234967321559097e-01 1.225299194766937827e-02
2.458563078684850596e+06 7.768460865982289576e-01 1.225299194766937827e-02
2.458563099518234842e+06 8.717019983168393660e-01 1.225299194766937827e-02
2.458563120351617225e+06 9.510485632015187596e-01 1.225299194766937827e-02
2.458563141184999142e+06 9.930074753118024455e-01 1.225299194766937827e-02
2.458563162018380128e+06 9.977198903346298220e-01 1.225299194766937827e-02
2.458563182851761114e+06 1.002670256732395071e+00 1.225299194766937827e-02
2.458563203685140237e+06 1.008636171760964428e+00 1.225299194766937827e-02
2.458563224518518895e+06 1.010341528284653068e+00 1.225299194766937827e-02
2.458563245351897087e+06 1.016857238600139324e+00 1.225299194766937827e-02
2.458563266185273882e+06 1.017462059734092650e+00 1.225299194766937827e-02
2.458563287018649746e+06 1.017678751293809025e+00 1.225299194766937827e-02
2.458563307852025144e+06 1.016052081936613227e+00 1.225299194766937827e-02
2.458563328685399611e+06 1.018228874644818704e+00 1.225299194766937827e-02
2.458563349518773146e+06 1.020994249300817280e+00 1.225299194766937827e-02
2.458563370352145750e+06 1.018111603165011925e+00 1.225299194766937827e-02
2.458563391185517889e+06 1.018537712301020193e+00 1.225299194766937827e-02
2.458563412018889096e+06 1.012908568739891102e+00 1.225299194766937827e-02
2.458563432852258906e+06 1.015386399637382864e+00 1.225299194766937827e-02
2.458563453685628250e+06 1.013614910275243419e+00 1.225299194766937827e-02
2.458563474518997129e+06 1.010678422459136527e+00 1.225299194766937827e-02
2.458563495352364611e+06 1.003348273051536399e+00 1.225299194766937827e-02
2.458563516185731161e+06 1.006371785793125140e+00 1.225299194766937827e-02
2.458563537019096781e+06 9.978104749795068118e-01 1.225299194766937827e-02
2.458563557852462400e+06 9.778514965219207156e-01 1.225299194766937827e-02
2.458563578685826622e+06 9.600662774471977468e-01 1.225299194766937827e-02
2.458563599519189447e+06 9.377481145846667809e-01 1.225299194766937827e-02
2.458563620352552272e+06 9.250263312679949390e-01 1.225299194766937827e-02
2.458563641185913701e+06 9.300799053016738371e-01 1.225299194766937827e-02
2.458563662019274663e+06 9.480093427632232395e-01 1.225299194766937827e-02
2.458563682852634229e+06 9.740075919387710668e-01 1.225299194766937827e-02
2.458563703685993329e+06 9.853149833304321037e-01 1.225299194766937827e-02
2.458563724519351497e+06 9.955695857149797767e-01 1.225299194766937827e-02
2.458563745352708735e+06 1.001982570996656552e+00 1.225299194766937827e-02
2.458563766186065506e+06 1.005081951523046691e+00 1.225299194766937827e-02
2.458563787019420881e+06 1.009446167987259280e+00 1.225299194766937827e-02
2.458563807852775324e+06 1.008155672107557743e+00 1.225299194766937827e-02
2.458563828686128836e+06 1.010552245059892718e+00 1.225299194766937827e-02
2.458563849519481882e+06 1.013680398483368661e+00 1.225299194766937827e-02
2.458563870352833997e+06 1.015782277846061454e+00 1.225299194766937827e-02
2.458563891186184715e+06 1.013147183595816792e+00 1.225299194766937827e-02
2.458563912019535434e+06 1.017806428875932756e+00 1.225299194766937827e-02
2.458563932852884755e+06 1.013774692864986893e+00 1.225299194766937827e-02
2.458563953686233144e+06 1.015547612073920414e+00 1.225299194766937827e-02
2.458563974519580603e+06 1.016183577571989183e+00 1.225299194766937827e-02
2.458563995352927595e+06 1.012803713636398095e+00 1.225299194766937827e-02
2.458564016186273191e+06 1.014279844080617998e+00 1.225299194766937827e-02
2.458564037019617856e+06 1.012077453763659429e+00 1.225299194766937827e-02
2.458564057852962054e+06 1.008766355299466344e+00 1.225299194766937827e-02
2.458564078686305322e+06 1.010747705975361344e+00 1.225299194766937827e-02
2.458564099519647192e+06 1.005407400713369093e+00 1.225299194766937827e-02
2.458564120352988597e+06 9.797768228869675466e-01 1.225299194766937827e-02
2.458564141186329070e+06 9.056328524517502920e-01 1.225299194766937827e-02
2.458564162019668613e+06 8.089631609965525216e-01 1.225299194766937827e-02
2.458564182853007223e+06 7.131202268199127170e-01 1.225299194766937827e-02
2.458564203686344903e+06 6.537826868093518096e-01 1.225299194766937827e-02
2.458564224519681651e+06 6.635518773764057521e-01 1.225299194766937827e-02
2.458564245353017468e+06 7.518358141874887934e-01 1.225299194766937827e-02
2.458564266186352354e+06 8.499854096215245791e-01 1.225299194766937827e-02
2.458564287019686773e+06 9.370557978593525572e-01 1.225299194766937827e-02
2.458564307853019796e+06 9.931613726508924378e-01 1.225299194766937827e-02
2.458564328686351888e+06 1.000181464755771854e+00 1.225299194766937827e-02
2.458564349519683048e+06 1.003523510787628137e+00 1.225299194766937827e-02
2.458564370353014208e+06 1.006459381627534677e+00 1.225299194766937827e-02
2.458564391186343506e+06 1.011567801912755860e+00 1.225299194766937827e-02
2.458564412019671872e+06 1.017781592143570224e+00 1.225299194766937827e-02
2.458564432852999773e+06 1.020235666193284763e+00 1.225299194766937827e-02
2.458564453686326277e+06 1.022660908267401636e+00 1.225299194766937827e-02
2.458564474519652314e+06 1.023766039731206723e+00 1.225299194766937827e-02
2.458564495352976955e+06 1.025245257741603577e+00 1.225299194766937827e-02
2.458564516186301131e+06 1.026470706489648110e+00 1.225299194766937827e-02
2.458564537019623909e+06 1.027410859422228206e+00 1.225299194766937827e-02
2.458564557852946222e+06 1.026068962525569006e+00 1.225299194766937827e-02
2.458564578686267603e+06 1.021929513370363640e+00 1.225299194766937827e-02
2.458564599519587588e+06 1.022426388453971047e+00 1.225299194766937827e-02
2.458564620352906641e+06 1.022327693621600142e+00 1.225299194766937827e-02
2.458564641186224762e+06 1.019355019767954618e+00 1.225299194766937827e-02
2.458564662019542884e+06 1.017150390867509691e+00 1.225299194766937827e-02
2.458564682852859143e+06 1.014914714155148223e+00 1.225299194766937827e-02
2.458564703686174471e+06 1.008876129654882048e+00 1.225299194766937827e-02
2.458564724519489333e+06 9.943208202346246471e-01 1.225299194766937827e-02
2.458564745352802798e+06 9.745412428326475363e-01 1.225299194766937827e-02
2.458564766186115332e+06 9.528523952521076312e-01 1.225299194766937827e-02
2.458564787019426934e+06 9.367437122178849940e-01 1.225299194766937827e-02
2.458564807852738071e+06 9.359153857993006698e-01 1.225299194766937827e-02
2.458564828686047811e+06 9.494900090671989368e-01 1.225299194766937827e-02
2.458564849519356154e+06 9.700085876590848200e-01 1.225299194766937827e-02
2.458564870352664497e+06 9.873443599995604947e-01 1.225299194766937827e-02
2.458564891185971443e+06 1.000188031441280545e+00 1.225299194766937827e-02
2.458564912019276991e+06 1.001808740122664743e+00 1.225299194766937827e-02
2.458564932852582075e+06 1.004356991701133239e+00 1.225299194766937827e-02
2.458564953685886227e+06 1.002599598658113988e+00 1.225299194766937827e-02
2.458564974519188982e+06 1.008003370814068766e+00 1.225299194766937827e-02
2.458564995352490805e+06 1.009049939571091459e+00 1.225299194766937827e-02
2.458565016185792163e+06 1.012997723690665763e+00 1.225299194766937827e-02
2.458565037019092124e+06 1.014145578732975617e+00 1.225299194766937827e-02
2.458565057852391154e+06 1.018166303887963364e+00 1.225299194766937827e-02
2.458565078685689252e+06 1.016225876449543097e+00 1.225299194766937827e-02
2.458565099518986885e+06 1.018018792071561096e+00 1.225299194766937827e-02
2.458565120352282654e+06 1.017759992030813576e+00 1.225299194766937827e-02
2.458565141185577493e+06 1.016083805067569568e+00 1.225299194766937827e-02
2.458565162018871866e+06 1.015245068739218270e+00 1.225299194766937827e-02
2.458565182852165308e+06 1.014909697069767303e+00 1.225299194766937827e-02
2.458565203685456887e+06 1.012445465614240536e+00 1.225299194766937827e-02
2.458565224518748000e+06 1.008554404283342087e+00 1.225299194766937827e-02
2.458565245352038648e+06 1.004643397062631616e+00 1.225299194766937827e-02
2.458565266185327433e+06 1.002387022600379263e+00 1.225299194766937827e-02
2.458565287018615287e+06 9.878043047993362302e-01 1.225299194766937827e-02
2.458565307851902209e+06 9.229660572806673846e-01 1.225299194766937827e-02
2.458565328685188666e+06 8.289526065240453434e-01 1.225299194766937827e-02
2.458565349518473726e+06 7.349248498935656571e-01 1.225299194766937827e-02
2.458565370351757389e+06 6.597627495955914467e-01 1.225299194766937827e-02
2.458565391185040586e+06 6.565868447505718297e-01 1.225299194766937827e-02
2.458565412018322386e+06 7.338450922262547138e-01 1.225299194766937827e-02
2.458565432851603255e+06 8.294575333868482447e-01 1.225299194766937827e-02
2.458565453684883192e+06 9.229179344515039407e-01 1.225299194766937827e-02
2.458565474518162198e+06 9.827494357558559379e-01 1.225299194766937827e-02
2.458565495351439808e+06 1.000030109111083920e+00 1.225299194766937827e-02
2.458565516184716485e+06 1.004005980681280885e+00 1.225299194766937827e-02
2.458565537017992698e+06 1.006914957607500050e+00 1.225299194766937827e-02
2.458565557851259597e+06 1.009369039811458313e+00 1.225299194766937827e-02
2.458565578684533481e+06 1.014271628891366683e+00 1.225299194766937827e-02
2.458565599517805502e+06 1.015455673598968156e+00 1.225299194766937827e-02
2.458565620351077523e+06 1.021929863052495113e+00 1.225299194766937827e-02
2.458565641184347682e+06 1.023359685577836631e+00 1.225299194766937827e-02
2.458565662017616909e+06 1.024885475621195807e+00 1.225299194766937827e-02
2.458565682850885205e+06 1.024145852520855993e+00 1.225299194766937827e-02
2.458565703684152570e+06 1.025170774030613297e+00 1.225299194766937827e-02
2.458565724517418072e+06 1.025987466219137056e+00 1.225299194766937827e-02
2.458565745350683108e+06 1.022572727223583833e+00 1.225299194766937827e-02
2.458565766183947213e+06 1.021269819256132028e+00 1.225299194766937827e-02
2.458565787017209921e+06 1.022302277820498428e+00 1.225299194766937827e-02
2.458565807850471698e+06 1.019267346273693420e+00 1.225299194766937827e-02
2.458565828683732543e+06 1.019530688960043951e+00 1.225299194766937827e-02
2.458565849516991992e+06 1.013622715423779130e+00 1.225299194766937827e-02
2.458565870350250043e+06 1.010130554924394630e+00 1.225299194766937827e-02
2.458565891183507163e+06 9.974962120980990221e-01 1.225299194766937827e-02
2.458565912016763818e+06 9.790107857489025456e-01 1.225299194766937827e-02
2.458565932850018609e+06 9.571492679718305308e-01 1.225299194766937827e-02
2.458565953683272004e+06 9.394362781112320926e-01 1.225299194766937827e-02
2.458565974516524933e+06 9.362722923298478772e-01 1.225299194766937827e-02
2.458565995349776931e+06 9.473931597071466593e-01 1.225299194766937827e-02
2.458566016183027066e+06 9.651500715362427707e-01 1.225299194766937827e-02
2.458566037016276270e+06 9.861448218907508112e-01 1.225299194766937827e-02
2.458566057849525008e+06 9.957343615372101775e-01 1.225299194766937827e-02
2.458566078682771884e+06 9.985464813409645757e-01 1.225299194766937827e-02
2.458566099516017362e+06 1.002540517080813931e+00 1.225299194766937827e-02
2.458566120349261910e+06 1.000959842777370490e+00 1.225299194766937827e-02
2.458566141182505991e+06 1.000686129469038788e+00 1.225299194766937827e-02
2.458566182848989032e+06 1.016654372481688995e+00 1.225299194766937827e-02
2.458566203682229389e+06 1.017957831702988702e+00 1.225299194766937827e-02
2.458566224515467882e+06 1.016893453566193983e+00 1.225299194766937827e-02
2.458566245348705444e+06 1.016066878216145719e+00 1.225299194766937827e-02
2.458566266181941610e+06 1.015815228009368631e+00 1.225299194766937827e-02
2.458566287015176844e+06 1.015684162309911764e+00 1.225299194766937827e-02
2.458566307848410681e+06 1.015719877268615567e+00 1.225299194766937827e-02
2.458566328681643587e+06 1.013160290846185863e+00 1.225299194766937827e-02
2.458566349514875095e+06 1.010068169069876731e+00 1.225299194766937827e-02
2.458566370348105207e+06 1.004221940269008462e+00 1.225299194766937827e-02
2.458566391181334388e+06 1.005206669195186198e+00 1.225299194766937827e-02
2.458566412014561705e+06 1.001990515280351879e+00 1.225299194766937827e-02
2.458566432847788557e+06 9.962091850217199562e-01 1.225299194766937827e-02
2.458566453681013547e+06 9.853904815909505510e-01 1.225299194766937827e-02
2.458566474514237605e+06 9.314275977372052928e-01 1.225299194766937827e-02
2.458566495347460732e+06 8.441330394054720188e-01 1.225299194766937827e-02
2.458566516180681996e+06 7.500380113389050196e-01 1.225299194766937827e-02
2.458566537013901863e+06 6.633939463462491526e-01 1.225299194766937827e-02
2.458566557847120333e+06 6.497479850471454821e-01 1.225299194766937827e-02
2.458566578680338338e+06 7.044934801811368885e-01 1.225299194766937827e-02
2.458566599513554480e+06 8.036483707639875407e-01 1.225299194766937827e-02
2.458566620346769225e+06 8.910378071927154142e-01 1.225299194766937827e-02
2.458566641179983038e+06 9.660059706727931461e-01 1.225299194766937827e-02
2.458566662013195455e+06 9.897420374215811778e-01 1.225299194766937827e-02
2.458566682846406009e+06 9.931969528191638696e-01 1.225299194766937827e-02
2.458566703679615166e+06 9.962827311420110465e-01 1.225299194766937827e-02
2.458566724512823857e+06 1.003737413087796071e+00 1.225299194766937827e-02
2.458566745346030686e+06 1.006870914067854450e+00 1.225299194766937827e-02
2.458566766179235652e+06 1.010473947974843689e+00 1.225299194766937827e-02
2.458566787012439687e+06 1.012916863121014144e+00 1.225299194766937827e-02
2.458566807845642790e+06 1.019465000334180749e+00 1.225299194766937827e-02
2.458566828678843565e+06 1.021706720898264864e+00 1.225299194766937827e-02
2.458566849512043409e+06 1.025257849238613961e+00 1.225299194766937827e-02
2.458566870345242321e+06 1.023321744685028012e+00 1.225299194766937827e-02
2.458566891178438906e+06 1.021822646999618334e+00 1.225299194766937827e-02
2.458566912011634093e+06 1.020192306814682537e+00 1.225299194766937827e-02
2.458566932844828349e+06 1.018203696463061858e+00 1.225299194766937827e-02
2.458566953678021207e+06 1.017624334034177735e+00 1.225299194766937827e-02
2.458566974511212204e+06 1.014144869629643120e+00 1.225299194766937827e-02
2.458566995344401337e+06 1.013884923952348194e+00 1.225299194766937827e-02
2.458567016177590005e+06 1.014429721230252879e+00 1.225299194766937827e-02
2.458567037010776345e+06 1.007119664011071336e+00 1.225299194766937827e-02
2.458567057843961287e+06 9.966026581270419626e-01 1.225299194766937827e-02
2.458567078677144833e+06 9.782839068324946652e-01 1.225299194766937827e-02
2.458567099510326982e+06 9.541646876611410422e-01 1.225299194766937827e-02
2.458567120343507268e+06 9.360211710615740088e-01 1.225299194766937827e-02
2.458567141176686157e+06 9.309787321454938702e-01 1.225299194766937827e-02
2.458567162009863649e+06 9.411596684849424799e-01 1.225299194766937827e-02
2.458567182843039278e+06 9.596101356088935219e-01 1.225299194766937827e-02
2.458567203676213045e+06 9.814674032132091330e-01 1.225299194766937827e-02
2.458567224509385414e+06 9.918235236828804036e-01 1.225299194766937827e-02
2.458567245342556387e+06 1.002933688276611779e+00 1.225299194766937827e-02
2.458567266175725497e+06 1.002147734376380939e+00 1.225299194766937827e-02
2.458567287008892745e+06 1.005542466575323202e+00 1.225299194766937827e-02
2.458567307842058595e+06 1.011745619360066906e+00 1.225299194766937827e-02
2.458567328675222583e+06 1.011845009168120368e+00 1.225299194766937827e-02
2.458567349508384708e+06 1.015129829354734392e+00 1.225299194766937827e-02
2.458567370341544971e+06 1.019870362704721201e+00 1.225299194766937827e-02
2.458567391174704302e+06 1.018929866450007271e+00 1.225299194766937827e-02
2.458567412007861305e+06 1.020137391236808799e+00 1.225299194766937827e-02
2.458567432841016445e+06 1.021212430100559843e+00 1.225299194766937827e-02
2.458567453674169723e+06 1.020108648255773742e+00 1.225299194766937827e-02
2.458567474507321604e+06 1.017087723507849484e+00 1.225299194766937827e-02
2.458567495340471156e+06 1.018515483550136658e+00 1.225299194766937827e-02
2.458567516173618846e+06 1.016423498313190565e+00 1.225299194766937827e-02
2.458567537006765138e+06 1.011855890988660578e+00 1.225299194766937827e-02
2.458567557839909103e+06 1.010495839419024211e+00 1.225299194766937827e-02
2.458567578673051205e+06 1.007808228027797348e+00 1.225299194766937827e-02
2.458567599506191444e+06 1.006607990263695740e+00 1.225299194766937827e-02
2.458567620339329820e+06 9.993414632293478039e-01 1.225299194766937827e-02
2.458567641172465868e+06 9.517909524779469832e-01 1.225299194766937827e-02
2.458567662005600054e+06 8.646679810778001851e-01 1.225299194766937827e-02
2.458567682838732377e+06 7.698473825745421051e-01 1.225299194766937827e-02
2.458567703671862371e+06 6.697789772755887716e-01 1.225299194766937827e-02
2.458567724504990503e+06 6.498019357112808647e-01 1.225299194766937827e-02
2.458567745338116307e+06 6.875770835175787354e-01 1.225299194766937827e-02
2.458567766171240248e+06 7.876767611596523500e-01 1.225299194766937827e-02
2.458567787004361860e+06 8.899022732230501553e-01 1.225299194766937827e-02
2.458567807837481145e+06 9.658463596006497953e-01 1.225299194766937827e-02
2.458567828670598567e+06 9.933083606713030145e-01 1.225299194766937827e-02
2.458567849503713194e+06 1.000150423396922283e+00 1.225299194766937827e-02
2.458567870336825959e+06 1.004416778675952360e+00 1.225299194766937827e-02
2.458567891169936396e+06 1.005612913757444993e+00 1.225299194766937827e-02
2.458567912003044505e+06 1.011295350158575079e+00 1.225299194766937827e-02
2.458567932836150285e+06 1.013315607969417442e+00 1.225299194766937827e-02
2.458567953669253271e+06 1.014761764040358338e+00 1.225299194766937827e-02
2.458567974502354395e+06 1.023104904993241471e+00 1.225299194766937827e-02
2.458567995335452724e+06 1.025222339266929961e+00 1.225299194766937827e-02
2.458568016168548260e+06 1.026143215145054688e+00 1.225299194766937827e-02
2.458568037001641467e+06 1.028291847677353266e+00 1.225299194766937827e-02
2.458568057834732812e+06 1.028661184691992414e+00 1.225299194766937827e-02
2.458568078667820897e+06 1.027868123174338288e+00 1.225299194766937827e-02
2.458568099500906188e+06 1.025550717327010419e+00 1.225299194766937827e-02
2.458568120333989151e+06 1.024114253165845811e+00 1.225299194766937827e-02
2.458568141167069785e+06 1.020790677366681498e+00 1.225299194766937827e-02
2.458568162000147160e+06 1.018785401921787903e+00 1.225299194766937827e-02
2.458568182833221741e+06 1.017264410849796796e+00 1.225299194766937827e-02
2.458568203666294459e+06 1.013848366667732925e+00 1.225299194766937827e-02
2.458568224499363452e+06 1.002728887774499977e+00 1.225299194766937827e-02
2.458568245332429651e+06 9.866980206325273173e-01 1.225299194766937827e-02
2.458568266165493056e+06 9.660865825799150874e-01 1.225299194766937827e-02
2.458568286998553667e+06 9.436203381552029645e-01 1.225299194766937827e-02
2.458568307831611019e+06 9.370133864309311278e-01 1.225299194766937827e-02
2.458568328664665576e+06 9.379656496401097554e-01 1.225299194766937827e-02
2.458568349497717805e+06 9.640759461302782496e-01 1.225299194766937827e-02
2.458568370330765843e+06 9.851776904354931919e-01 1.225299194766937827e-02
2.458568391163811553e+06 1.000489330130486909e+00 1.225299194766937827e-02
2.458568411996854004e+06 1.010063235961095929e+00 1.225299194766937827e-02
2.458568432829893660e+06 1.011897960102051242e+00 1.225299194766937827e-02
2.458568453662929591e+06 1.014284693333520782e+00 1.225299194766937827e-02
