2.458468285664958414e+06 9.955232475623547739e-01 1.804718728473042599e-02
2.458468306498321239e+06 9.960574412318961013e-01 1.804718728473042599e-02
2.458468327331683133e+06 9.942949891100644200e-01 1.804718728473042599e-02
2.458468348165044095e+06 1.002355120205768779e+00 1.804718728473042599e-02
2.458468368998404127e+06 1.000656131868069787e+00 1.804718728473042599e-02
2.458468410665121861e+06 1.008789557393994007e+00 1.804718728473042599e-02
2.458468431498479564e+06 1.005007925774571875e+00 1.804718728473042599e-02
2.458468452331836335e+06 1.004932711604619611e+00 1.804718728473042599e-02
2.458468473165192176e+06 1.012123744003375458e+00 1.804718728473042599e-02
2.458468493998547085e+06 1.013169864118728558e+00 1.804718728473042599e-02
2.458468514831901528e+06 1.017118708638026447e+00 1.804718728473042599e-02
2.458468535665254574e+06 1.014303200275734396e+00 1.804718728473042599e-02
2.458468556498607155e+06 1.012429586051426522e+00 1.804718728473042599e-02
2.458468577331958804e+06 1.010657382857625297e+00 1.804718728473042599e-02
2.458468598165309522e+06 1.006711080523841728e+00 1.804718728473042599e-02
2.458468618998659309e+06 1.016354089802166794e+00 1.804718728473042599e-02
2.458468639832008630e+06 1.014298205693953570e+00 1.804718728473042599e-02
2.458468660665356554e+06 1.008236620595414967e+00 1.804718728473042599e-02
2.458468681498704012e+06 1.009123738164694251e+00 1.804718728473042599e-02
2.458468702332050540e+06 1.012392117696550908e+00 1.804718728473042599e-02
2.458468723165396135e+06 1.012688151773962542e+00 1.804718728473042599e-02
2.458468743998741265e+06 1.013168796993409115e+00 1.804718728473042599e-02
2.458468764832084998e+06 1.009995343058746275e+00 1.804718728473042599e-02
2.458468785665428266e+06 1.009819665667019528e+00 1.804718728473042599e-02
2.458468806498770602e+06 1.006815885579768644e+00 1.804718728473042599e-02
2.458468827332112007e+06 1.009460099083567819e+00 1.804718728473042599e-02
2.458468848165452946e+06 1.012656454942029605e+00 1.804718728473042599e-02
2.458468868998792488e+06 1.005659317217421078e+00 1.804718728473042599e-02
2.458468889832131565e+06 1.002360148147697361e+00 1.804718728473042599e-02
2.458468910665469710e+06 1.005739149143583866e+00 1.804718728473042599e-02
2.458468931498806924e+06 1.005400721238427275e+00 1.804718728473042599e-02
2.458468952332143672e+06 1.005357393363166540e+00 1.804718728473042599e-02
2.458468973165479023e+06 9.974176470604769751e-01 1.804718728473042599e-02
2.458468993998813909e+06 9.999362103430672333e-01 1.804718728473042599e-02
2.458469014832147863e+06 9.980923732755695443e-01 1.804718728473042599e-02
2.458469035665480886e+06 9.980687603203522995e-01 1.804718728473042599e-02
2.458469056498813443e+06 9.977592252055293987e-01 1.804718728473042599e-02
2.458469077332145069e+06 9.975985800545996707e-01 1.804718728473042599e-02
2.458469098165475298e+06 9.938873245152850533e-01 1.804718728473042599e-02
2.458469118998805527e+06 9.941876322011997669e-01 1.804718728473042599e-02
2.458469139832134359e+06 9.965463594892802757e-01 1.804718728473042599e-02
2.458469160665462725e+06 9.914706626186723382e-01 1.804718728473042599e-02
2.458469181498789694e+06 9.963242233823511596e-01 1.804718728473042599e-02
2.458469202332116198e+06 9.936499513150335305e-01 1.804718728473042599e-02
2.458469223165442236e+06 9.908293661458942303e-01 1.804718728473042599e-02
2.458469243998766877e+06 9.952345545873095833e-01 1.804718728473042599e-02
2.458469264832091052e+06 9.893703865033274258e-01 1.804718728473042599e-02
2.458469285665414296e+06 9.858481320640746226e-01 1.804718728473042599e-02
2.458469306498736609e+06 9.552474409252753595e-01 1.804718728473042599e-02
2.458469327332057990e+06 9.111005600886177280e-01 1.804718728473042599e-02
2.458469348165378906e+06 8.582529889588530470e-01 1.804718728473042599e-02
2.458469368998698890e+06 8.227759003003117799e-01 1.804718728473042599e-02
2.458469389832017943e+06 7.540459653390130246e-01 1.804718728473042599e-02
2.458469410665336065e+06 6.907690768167068507e-01 1.804718728473042599e-02
2.458469431498653721e+06 7.030422433927115966e-01 1.804718728473042599e-02
2.458469452331970446e+06 6.273622719665856717e-01 1.804718728473042599e-02
2.458469473165286239e+06 5.630443491952127344e-01 1.804718728473042599e-02
2.458469493998601101e+06 5.198297245512395470e-01 1.804718728473042599e-02
2.458469514831915498e+06 4.875055507120278908e-01 1.804718728473042599e-02
2.458469535665228497e+06 4.767555500053821116e-01 1.804718728473042599e-02
2.458469556498541031e+06 4.871415750283161206e-01 1.804718728473042599e-02
2.458469577331852634e+06 5.084107950405469811e-01 1.804718728473042599e-02
2.458469598165163770e+06 5.524174321142627520e-01 1.804718728473042599e-02
2.458469618998473976e+06 6.115272887863273388e-01 1.804718728473042599e-02
2.458469639831783250e+06 6.762936311849838678e-01 1.804718728473042599e-02
2.458469660665091593e+06 6.749588959138947963e-01 1.804718728473042599e-02
2.458469681498399470e+06 7.471600866827440290e-01 1.804718728473042599e-02
2.458469702331705950e+06 8.124055561413124904e-01 1.804718728473042599e-02
2.458469723165011965e+06 8.505094872598423228e-01 1.804718728473042599e-02
2.458469743998317514e+06 9.006626290352164332e-01 1.804718728473042599e-02
2.458469764831621666e+06 9.496395906324436309e-01 1.804718728473042599e-02
2.458469785664925352e+06 9.743724905022150828e-01 1.804718728473042599e-02
2.458469806498228107e+06 9.870058387773361641e-01 1.804718728473042599e-02
2.458469827331529930e+06 9.865138249065715792e-01 1.804718728473042599e-02
2.458469848164831288e+06 9.910977213899124783e-01 1.804718728473042599e-02
2.458469868998131249e+06 9.877183543937348986e-01 1.804718728473042599e-02
2.458469889831430744e+06 9.957220262525902088e-01 1.804718728473042599e-02
2.458469910664729308e+06 9.867450961719820279e-01 1.804718728473042599e-02
2.458469931498027407e+06 9.880526428997875588e-01 1.804718728473042599e-02
2.458469952331324574e+06 9.918825545637902641e-01 1.804718728473042599e-02
2.458469973164620809e+06 9.938980625601669949e-01 1.804718728473042599e-02
2.458469993997916114e+06 1.000954268749280507e+00 1.804718728473042599e-02
2.458470014831210952e+06 9.985672160785407092e-01 1.804718728473042599e-02
2.458470035664504860e+06 9.972786541253656489e-01 1.804718728473042599e-02
2.458470056497797836e+06 9.997838979699275042e-01 1.804718728473042599e-02
2.458470077331089880e+06 1.000554191940387971e+00 1.804718728473042599e-02
2.458470098164381459e+06 1.004643691286213336e+00 1.804718728473042599e-02
2.458470118997672107e+06 1.004793615262753681e+00 1.804718728473042599e-02
2.458470139830961823e+06 1.005481181512469568e+00 1.804718728473042599e-02
2.458470160664250609e+06 1.002661444043976502e+00 1.804718728473042599e-02
2.458470181497538928e+06 1.004345134699187181e+00 1.804718728473042599e-02
2.458470202330825850e+06 1.004007025429852096e+00 1.804718728473042599e-02
2.458470223164112773e+06 1.002764308441877583e+00 1.804718728473042599e-02
2.458470243997398298e+06 1.006847079122961564e+00 1.804718728473042599e-02
2.458470264830683358e+06 1.007150349175636395e+00 1.804718728473042599e-02
2.458470285663967486e+06 1.012622335895754677e+00 1.804718728473042599e-02
2.458470306497251149e+06 1.011885476266135120e+00 1.804718728473042599e-02
2.458470327330533415e+06 1.011337792279116243e+00 1.804718728473042599e-02
2.458470348163815215e+06 1.014025542577741579e+00 1.804718728473042599e-02
2.458470368997096084e+06 1.018952794365548309e+00 1.804718728473042599e-02
2.458470389830376022e+06 1.020558971310837171e+00 1.804718728473042599e-02
2.458470410663655493e+06 1.022090495574875524e+00 1.804718728473042599e-02
2.458470431496933568e+06 1.024173528905175656e+00 1.804718728473042599e-02
2.458470452330211643e+06 1.020910182101419927e+00 1.804718728473042599e-02
2.458470473163488321e+06 1.022268511633169785e+00 1.804718728473042599e-02
2.458470493996764533e+06 1.022756154117632210e+00 1.804718728473042599e-02
2.458470514830039814e+06 1.023837421139502935e+00 1.804718728473042599e-02
2.458470535663314164e+06 1.025304807547366304e+00 1.804718728473042599e-02
2.458470556496587582e+06 1.027391872361284042e+00 1.804718728473042599e-02
2.458470577329860535e+06 1.029750933359261600e+00 1.804718728473042599e-02
2.458470598163132556e+06 1.026025579567775958e+00 1.804718728473042599e-02
2.458470618996403646e+06 1.025500428795681485e+00 1.804718728473042599e-02
2.458470639829674270e+06 1.031670185810467544e+00 1.804718728473042599e-02
2.458470660662943963e+06 1.027400417545965894e+00 1.804718728473042599e-02
2.458470681496212725e+06 1.026040022756307124e+00 1.804718728473042599e-02
2.458470702329481021e+06 1.028102192261035386e+00 1.804718728473042599e-02
2.458470723162747920e+06 1.028857876949685224e+00 1.804718728473042599e-02
2.458470743996014353e+06 1.031654049700938547e+00 1.804718728473042599e-02
2.458470764829279855e+06 1.028208370301059826e+00 1.804718728473042599e-02
2.458470785662544891e+06 1.035122993513469813e+00 1.804718728473042599e-02
2.458470806495808996e+06 1.034014239761050558e+00 1.804718728473042599e-02
2.458470827329072170e+06 1.033103505499551877e+00 1.804718728473042599e-02
2.458470848162334412e+06 1.028934018916370263e+00 1.804718728473042599e-02
2.458470868995596189e+06 1.028154614996581451e+00 1.804718728473042599e-02
2.458470889828857034e+06 1.029974553578685059e+00 1.804718728473042599e-02
2.458470910662116949e+06 1.029712413739813925e+00 1.804718728473042599e-02
2.458470931495375931e+06 1.022076822129489138e+00 1.804718728473042599e-02
2.458470952328634448e+06 1.026128080200834347e+00 1.804718728473042599e-02
2.458470973161892034e+06 1.023293291821979034e+00 1.804718728473042599e-02
2.458470993995148689e+06 1.021719256034783863e+00 1.804718728473042599e-02
2.458471014828404877e+06 1.023422099518501716e+00 1.804718728473042599e-02
2.458471035661659669e+06 1.018323672308258709e+00 1.804718728473042599e-02
2.458471056494914461e+06 1.022645559552327832e+00 1.804718728473042599e-02
2.458471077328167856e+06 1.016641140526760800e+00 1.804718728473042599e-02
2.458471098161420319e+06 1.018987945027702402e+00 1.804718728473042599e-02
2.458471118994672317e+06 1.015473700074991381e+00 1.804718728473042599e-02
2.458471139827923384e+06 1.008926224222131740e+00 1.804718728473042599e-02
2.458471160661173984e+06 1.010923953615326054e+00 1.804718728473042599e-02
2.458471181494423654e+06 1.011724744950770916e+00 1.804718728473042599e-02
2.458471202327672392e+06 1.008838538297732512e+00 1.804718728473042599e-02
2.458471223160920199e+06 1.008104470538762287e+00 1.804718728473042599e-02
2.458471243994167075e+06 1.009747035439805263e+00 1.804718728473042599e-02
2.458471264827413484e+06 1.007470248066811624e+00 1.804718728473042599e-02
2.458471285660658963e+06 1.003924047330521541e+00 1.804718728473042599e-02
2.458471306493903976e+06 1.002665488875181365e+00 1.804718728473042599e-02
2.458471327327147592e+06 1.001945389944117970e+00 1.804718728473042599e-02
2.458471348160390742e+06 1.000882629993789630e+00 1.804718728473042599e-02
2.458471368993632961e+06 1.000854809628459519e+00 1.804718728473042599e-02
2.458471389826874714e+06 1.001707576744472750e+00 1.804718728473042599e-02
2.458471410660115536e+06 9.990074259877687046e-01 1.804718728473042599e-02
2.458471431493354961e+06 9.997990192083121563e-01 1.804718728473042599e-02
2.458471452326594386e+06 9.914797196400210177e-01 1.804718728473042599e-02
2.458471473159832414e+06 9.934276471193351776e-01 1.804718728473042599e-02
2.458471493993069977e+06 9.898753409649622137e-01 1.804718728473042599e-02
2.458471535659542773e+06 1.006426076464585595e+00 1.804718728473042599e-02
2.458471556492777541e+06 9.870744065630023822e-01 1.804718728473042599e-02
2.458471577326011844e+06 9.813999848424516115e-01 1.804718728473042599e-02
2.458471598159245215e+06 9.670548339878967115e-01 1.804718728473042599e-02
2.458471618992477655e+06 9.664283733058844916e-01 1.804718728473042599e-02
2.458471639825709630e+06 9.657686148668684911e-01 1.804718728473042599e-02
2.458471660658940673e+06 9.521073575104047615e-01 1.804718728473042599e-02
2.458471681492171250e+06 9.542508813233835374e-01 1.804718728473042599e-02
2.458471702325400431e+06 9.414780099661557156e-01 1.804718728473042599e-02
2.458471723158629145e+06 9.342577743193135609e-01 1.804718728473042599e-02
2.458471743991856929e+06 9.357029147794373447e-01 1.804718728473042599e-02
2.458471764825083781e+06 9.356902134379494473e-01 1.804718728473042599e-02
2.458471785658310167e+06 9.312036520655545546e-01 1.804718728473042599e-02
2.458471806491535157e+06 9.383641576150009156e-01 1.804718728473042599e-02
2.458471827324760146e+06 9.443194374847668771e-01 1.804718728473042599e-02
2.458471848157983739e+06 9.347199996886416118e-01 1.804718728473042599e-02
2.458471868991206866e+06 9.498802423859108446e-01 1.804718728473042599e-02
2.458471889824429061e+06 9.483272383228207314e-01 1.804718728473042599e-02
2.458471910657650325e+06 9.569226016264547052e-01 1.804718728473042599e-02
2.458471931490870658e+06 9.648767611515398634e-01 1.804718728473042599e-02
2.458471952324090526e+06 9.759777691979238945e-01 1.804718728473042599e-02
2.458471973157309461e+06 9.778384895265461729e-01 1.804718728473042599e-02
2.458471993990527466e+06 9.909109241298412751e-01 1.804718728473042599e-02
2.458472014823745005e+06 9.873634358442814341e-01 1.804718728473042599e-02
2.458472035656961147e+06 9.920526737319315114e-01 1.804718728473042599e-02
2.458472056490176823e+06 9.921108233999141879e-01 1.804718728473042599e-02
2.458472077323391568e+06 9.957759177659626371e-01 1.804718728473042599e-02
2.458472098156605847e+06 9.974398219168826296e-01 1.804718728473042599e-02
2.458472118989819195e+06 9.983044696236846871e-01 1.804718728473042599e-02
2.458472139823031146e+06 1.007123070273137300e+00 1.804718728473042599e-02
2.458472160656243097e+06 1.005429329020554707e+00 1.804718728473042599e-02
2.458472181489453651e+06 1.009935270347260161e+00 1.804718728473042599e-02
2.458472202322663739e+06 1.009406267364859167e+00 1.804718728473042599e-02
2.458472223155872896e+06 1.006775739569038652e+00 1.804718728473042599e-02
2.458472243989081588e+06 1.005380213940561873e+00 1.804718728473042599e-02
2.458472264822288882e+06 1.006106294270991741e+00 1.804718728473042599e-02
2.458472285655495711e+06 1.007828644652698946e+00 1.804718728473042599e-02
2.458472306488701608e+06 1.004007981409844152e+00 1.804718728473042599e-02
2.458472327321906574e+06 1.018717551908172814e+00 1.804718728473042599e-02
2.458472348155111074e+06 1.008158153355353637e+00 1.804718728473042599e-02
2.458472368988314178e+06 1.012476119183062684e+00 1.804718728473042599e-02
2.458472389821517281e+06 1.014658829979240728e+00 1.804718728473042599e-02
2.458472410654718988e+06 1.019422348525855337e+00 1.804718728473042599e-02
2.458472431487919763e+06 1.017426559246978002e+00 1.804718728473042599e-02
2.458472452321120072e+06 1.013925475346245442e+00 1.804718728473042599e-02
2.458472473154319450e+06 1.021388035219352508e+00 1.804718728473042599e-02
2.458472493987517897e+06 1.020563859585664757e+00 1.804718728473042599e-02
2.458472514820715412e+06 1.018483782696111728e+00 1.804718728473042599e-02
2.458472535653912462e+06 1.021581586356852478e+00 1.804718728473042599e-02
2.458472556487108581e+06 1.027430550407929299e+00 1.804718728473042599e-02
2.458472577320304234e+06 1.026779906190119496e+00 1.804718728473042599e-02
2.458472598153498489e+06 1.026947449751898889e+00 1.804718728473042599e-02
2.458472618986692280e+06 1.029030417463075109e+00 1.804718728473042599e-02
2.458472639819884673e+06 1.025799656401901627e+00 1.804718728473042599e-02
2.458472660653076600e+06 1.030352778793342861e+00 1.804718728473042599e-02
2.458472681486268062e+06 1.029387778934102826e+00 1.804718728473042599e-02
2.458472702319458127e+06 1.034239098594114781e+00 1.804718728473042599e-02
2.458472723152647726e+06 1.035133483770650287e+00 1.804718728473042599e-02
2.458472743985836394e+06 1.031792406326675016e+00 1.804718728473042599e-02
2.458472764819024596e+06 1.027723163704607590e+00 1.804718728473042599e-02
2.458472785652211402e+06 1.032893793566998619e+00 1.804718728473042599e-02
2.458472806485397741e+06 1.031759847827033338e+00 1.804718728473042599e-02
2.458472827318583149e+06 1.031416031563257230e+00 1.804718728473042599e-02
2.458472848151767626e+06 1.028477248960783630e+00 1.804718728473042599e-02
2.458472868984951172e+06 1.038312925587150382e+00 1.804718728473042599e-02
2.458472889818134252e+06 1.028971743374634817e+00 1.804718728473042599e-02
2.458472910651316401e+06 1.034529930675027520e+00 1.804718728473042599e-02
2.458472931484497618e+06 1.036034119322321256e+00 1.804718728473042599e-02
2.458472952317677904e+06 1.032258672433209457e+00 1.804718728473042599e-02
2.458472973150857724e+06 1.027423769338889015e+00 1.804718728473042599e-02
2.458472993984036148e+06 1.024733171951133892e+00 1.804718728473042599e-02
2.458473014817214105e+06 1.026042434642741030e+00 1.804718728473042599e-02
2.458473035650391132e+06 1.019590168771884242e+00 1.804718728473042599e-02
2.458473056483567692e+06 1.022627693446078512e+00 1.804718728473042599e-02
2.458473077316742856e+06 1.025108955540306122e+00 1.804718728473042599e-02
2.458473098149917554e+06 1.018485590347218972e+00 1.804718728473042599e-02
2.458473118983091321e+06 1.015051950989413143e+00 1.804718728473042599e-02
2.458473139816264156e+06 1.017997833044778755e+00 1.804718728473042599e-02
2.458473160649436060e+06 1.016976342856640514e+00 1.804718728473042599e-02
2.458473181482607499e+06 1.019094625191857562e+00 1.804718728473042599e-02
2.458473202315778006e+06 1.004779368302143983e+00 1.804718728473042599e-02
2.458473223148947116e+06 1.008919944380478384e+00 1.804718728473042599e-02
2.458473243982116226e+06 1.007051370463423412e+00 1.804718728473042599e-02
2.458473264815283939e+06 1.003162998843383669e+00 1.804718728473042599e-02
2.458473285648451187e+06 9.997912871632959053e-01 1.804718728473042599e-02
2.458473306481617037e+06 9.995441574220841341e-01 1.804718728473042599e-02
2.458473327314782422e+06 9.879089653907592306e-01 1.804718728473042599e-02
2.458473348147946876e+06 9.993184184646043411e-01 1.804718728473042599e-02
2.458473368981110398e+06 9.878531902828490141e-01 1.804718728473042599e-02
2.458473389814273454e+06 9.939039123651652874e-01 1.804718728473042599e-02
2.458473410647435579e+06 9.868290732122867448e-01 1.804718728473042599e-02
2.458473431480596773e+06 9.849909336646595071e-01 1.804718728473042599e-02
2.458473452313756570e+06 9.853566939630238330e-01 1.804718728473042599e-02
2.458473473146916367e+06 9.855073151216102723e-01 1.804718728473042599e-02
2.458473493980074767e+06 9.817256184234504079e-01 1.804718728473042599e-02
2.458473514813232236e+06 9.774684726920361832e-01 1.804718728473042599e-02
2.458473535646389239e+06 9.766268831595834587e-01 1.804718728473042599e-02
2.458473556479545310e+06 9.732750456685632656e-01 1.804718728473042599e-02
2.458473577312700450e+06 9.751426466450429098e-01 1.804718728473042599e-02
2.458473598145854659e+06 9.709569368534514133e-01 1.804718728473042599e-02
2.458473618979008403e+06 9.747983669269023599e-01 1.804718728473042599e-02
2.458473639812160749e+06 9.714890978358826645e-01 1.804718728473042599e-02
2.458473660645312630e+06 9.673147727762819725e-01 1.804718728473042599e-02
2.458473681478463579e+06 9.717946393707957986e-01 1.804718728473042599e-02
2.458473702311613131e+06 9.703330898011768291e-01 1.804718728473042599e-02
2.458473723144762684e+06 9.668452234227680187e-01 1.804718728473042599e-02
2.458473743977910373e+06 9.623743187168327662e-01 1.804718728473042599e-02
2.458473764811057597e+06 9.342259050068202342e-01 1.804718728473042599e-02
2.458473785644204356e+06 8.913585501753397144e-01 1.804718728473042599e-02
2.458473806477350183e+06 8.646524890897391291e-01 1.804718728473042599e-02
2.458473827310494613e+06 7.996937173980188662e-01 1.804718728473042599e-02
2.458473848143639043e+06 7.352348931020002976e-01 1.804718728473042599e-02
2.458473868976781610e+06 6.693223263729501937e-01 1.804718728473042599e-02
2.458473889809923712e+06 6.573949169263574310e-01 1.804718728473042599e-02
2.458473910643065348e+06 5.898238927525283337e-01 1.804718728473042599e-02
2.458473931476205587e+06 5.322622124835009183e-01 1.804718728473042599e-02
2.458473952309345361e+06 4.957582418138596347e-01 1.804718728473042599e-02
2.458473973142484203e+06 4.643578558909576270e-01 1.804718728473042599e-02
2.458473993975622114e+06 4.453254835509565246e-01 1.804718728473042599e-02
2.458474014808759093e+06 4.554849991474715920e-01 1.804718728473042599e-02
2.458474035641895141e+06 4.823662831556955188e-01 1.804718728473042599e-02
2.458474056475030258e+06 5.251273749117357781e-01 1.804718728473042599e-02
2.458474077308164444e+06 5.689930267825787924e-01 1.804718728473042599e-02
2.458474098141298164e+06 6.324911625784060965e-01 1.804718728473042599e-02
2.458474118974430487e+06 7.064016448950086735e-01 1.804718728473042599e-02
2.458474139807562344e+06 7.208092766459448519e-01 1.804718728473042599e-02
2.458474160640693270e+06 7.858546544821993773e-01 1.804718728473042599e-02
2.458474181473823264e+06 8.517847412207816271e-01 1.804718728473042599e-02
2.458474202306952327e+06 8.805715539370380096e-01 1.804718728473042599e-02
2.458474223140079994e+06 9.285532004242057491e-01 1.804718728473042599e-02
2.458474243973207660e+06 9.628805794942240093e-01 1.804718728473042599e-02
2.458474264806333929e+06 9.647858395259176767e-01 1.804718728473042599e-02
2.458474285639459267e+06 9.737515821093742918e-01 1.804718728473042599e-02
2.458474306472584140e+06 9.772490681059250450e-01 1.804718728473042599e-02
2.458474327305707615e+06 9.730531372322654970e-01 1.804718728473042599e-02
2.458474348138830625e+06 9.735742470826538320e-01 1.804718728473042599e-02
2.458474368971952237e+06 9.758887825316719944e-01 1.804718728473042599e-02
2.458474389805073384e+06 9.786882533310368171e-01 1.804718728473042599e-02
2.458474410638193134e+06 9.777528842653206986e-01 1.804718728473042599e-02
2.458474431471312419e+06 9.817761281611165902e-01 1.804718728473042599e-02
2.458474452304430772e+06 9.863103641629766827e-01 1.804718728473042599e-02
2.458474473137548193e+06 9.836218362295969797e-01 1.804718728473042599e-02
2.458474493970664684e+06 9.882592972118466879e-01 1.804718728473042599e-02
2.458474514803780243e+06 9.877066748882162850e-01 1.804718728473042599e-02
2.458474535636894871e+06 9.897687333873615989e-01 1.804718728473042599e-02
2.458474556470008567e+06 9.908703250272965501e-01 1.804718728473042599e-02
2.458474577303121332e+06 9.935595640194843092e-01 1.804718728473042599e-02
2.458474598136233166e+06 9.941695740233921219e-01 1.804718728473042599e-02
2.458474618969344068e+06 9.944504357784340609e-01 1.804718728473042599e-02
2.458474660635563545e+06 1.004317998978405679e+00 1.804718728473042599e-02
2.458474681468671653e+06 1.008205448426678474e+00 1.804718728473042599e-02
2.458474702301778831e+06 1.012156553695846783e+00 1.804718728473042599e-02
2.458474723134885076e+06 1.017113564430851991e+00 1.804718728473042599e-02
2.458474743967990391e+06 1.003423001697867800e+00 1.804718728473042599e-02
2.458474764801095240e+06 1.010314575125744518e+00 1.804718728473042599e-02
2.458474785634198692e+06 1.007936437709722632e+00 1.804718728473042599e-02
2.458474806467301212e+06 1.008628913006133221e+00 1.804718728473042599e-02
2.458474827300402801e+06 1.007514493223141017e+00 1.804718728473042599e-02
2.458474848133503925e+06 1.019058327476739745e+00 1.804718728473042599e-02
2.458474868966603652e+06 1.015247455261999443e+00 1.804718728473042599e-02
2.458474889799702447e+06 1.017975365969090218e+00 1.804718728473042599e-02
2.458474910632800311e+06 1.015822592481403275e+00 1.804718728473042599e-02
2.458474931465897243e+06 1.022016197542668703e+00 1.804718728473042599e-02
2.458474952298993245e+06 1.029743955824702129e+00 1.804718728473042599e-02
2.458474973132088315e+06 1.025606755847592089e+00 1.804718728473042599e-02
2.458474993965182453e+06 1.021974247343217179e+00 1.804718728473042599e-02
2.458475014798275661e+06 1.023525601095986337e+00 1.804718728473042599e-02
2.458475035631367937e+06 1.021194418538196036e+00 1.804718728473042599e-02
2.458475056464459281e+06 1.019460839381565398e+00 1.804718728473042599e-02
2.458475077297549229e+06 1.029776135880204890e+00 1.804718728473042599e-02
2.458475098130638711e+06 1.025321919803428905e+00 1.804718728473042599e-02
2.458475118963727262e+06 1.027277362546404671e+00 1.804718728473042599e-02
2.458475139796814881e+06 1.032468377498798828e+00 1.804718728473042599e-02
2.458475160629901104e+06 1.028677739729617180e+00 1.804718728473042599e-02
2.458475181462986860e+06 1.029711466556500810e+00 1.804718728473042599e-02
2.458475202296071220e+06 1.022874307374718184e+00 1.804718728473042599e-02
2.458475223129154649e+06 1.033372385286196682e+00 1.804718728473042599e-02
2.458475243962237146e+06 1.028112812952502786e+00 1.804718728473042599e-02
2.458475264795318712e+06 1.029037148100902410e+00 1.804718728473042599e-02
2.458475285628399346e+06 1.033729103629883461e+00 1.804718728473042599e-02
2.458475306461479049e+06 1.031909203767783501e+00 1.804718728473042599e-02
2.458475327294557821e+06 1.028719012291061885e+00 1.804718728473042599e-02
2.458475348127635196e+06 1.023959257856011051e+00 1.804718728473042599e-02
2.458475368960712105e+06 1.026734445411138674e+00 1.804718728473042599e-02
2.458475389793787617e+06 1.021502445120997749e+00 1.804718728473042599e-02
2.458475410626862664e+06 1.023849121150591124e+00 1.804718728473042599e-02
2.458475431459935848e+06 1.017159202693906694e+00 1.804718728473042599e-02
2.458475452293008566e+06 1.020194288373474478e+00 1.804718728473042599e-02
2.458475473126080353e+06 1.019992967484230517e+00 1.804718728473042599e-02
2.458475493959150743e+06 1.024128468767548039e+00 1.804718728473042599e-02
2.458475514792220667e+06 1.014325080492157527e+00 1.804718728473042599e-02
2.458475535625289194e+06 1.016910038152986528e+00 1.804718728473042599e-02
2.458475556458357256e+06 1.015663116829667034e+00 1.804718728473042599e-02
2.458475577291423455e+06 1.013610263002441947e+00 1.804718728473042599e-02
2.458475598124489188e+06 1.019005905346551222e+00 1.804718728473042599e-02
2.458475618957553990e+06 1.011167825785560748e+00 1.804718728473042599e-02
2.458475639790617395e+06 1.006570948687770750e+00 1.804718728473042599e-02
2.458475660623679869e+06 1.010961815639630279e+00 1.804718728473042599e-02
2.458475681456741411e+06 1.009650801570927570e+00 1.804718728473042599e-02
2.458475702289802022e+06 1.005933314274347845e+00 1.804718728473042599e-02
2.458475723122861702e+06 1.008809620241096550e+00 1.804718728473042599e-02
2.458475743955919985e+06 1.008508883853202587e+00 1.804718728473042599e-02
2.458475764788977336e+06 1.002178315283750454e+00 1.804718728473042599e-02
2.458475785622033756e+06 1.002534878406352803e+00 1.804718728473042599e-02
2.458475806455089245e+06 1.003767162184320272e+00 1.804718728473042599e-02
2.458475827288143802e+06 9.976004601426280427e-01 1.804718728473042599e-02
2.458475848121196963e+06 9.969768292485677863e-01 1.804718728473042599e-02
2.458475868954249192e+06 9.971736920955968086e-01 1.804718728473042599e-02
2.458475889787300490e+06 9.951167152822638640e-01 1.804718728473042599e-02
2.458475910620350856e+06 9.918568118126316335e-01 1.804718728473042599e-02
2.458475931453399826e+06 9.906924283855833568e-01 1.804718728473042599e-02
2.458475952286447864e+06 9.934587736550971604e-01 1.804718728473042599e-02
2.458475973119494971e+06 9.887215695809729032e-01 1.804718728473042599e-02
2.458475993952541146e+06 9.838744245945316713e-01 1.804718728473042599e-02
2.458476014785585925e+06 9.758718528762522215e-01 1.804718728473042599e-02
2.458476035618629772e+06 9.761500053106271224e-01 1.804718728473042599e-02
2.458476056451672688e+06 9.670168992170917743e-01 1.804718728473042599e-02
2.458476077284714673e+06 9.649153910004204526e-01 1.804718728473042599e-02
2.458476098117755260e+06 9.520243763150038063e-01 1.804718728473042599e-02
2.458476118950794917e+06 9.524515000915556584e-01 1.804718728473042599e-02
2.458476139783833642e+06 9.431295040657033946e-01 1.804718728473042599e-02
2.458476160616871435e+06 9.358894670532464932e-01 1.804718728473042599e-02
2.458476181449907832e+06 9.378102197320140609e-01 1.804718728473042599e-02
2.458476202282943297e+06 9.263251678790984656e-01 1.804718728473042599e-02
2.458476223115977831e+06 9.295177680575995582e-01 1.804718728473042599e-02
2.458476243949011434e+06 9.307900525876164899e-01 1.804718728473042599e-02
2.458476264782044105e+06 9.305872109899502309e-01 1.804718728473042599e-02
2.458476285615075380e+06 9.371654555323963853e-01 1.804718728473042599e-02
2.458476306448105723e+06 9.448594548551287886e-01 1.804718728473042599e-02
2.458476327281135134e+06 9.490375049300781019e-01 1.804718728473042599e-02
2.458476348114163149e+06 9.585526054857662626e-01 1.804718728473042599e-02
2.458476368947190698e+06 9.679862754694638083e-01 1.804718728473042599e-02
2.458476389780216850e+06 9.756195439593854379e-01 1.804718728473042599e-02
2.458476410613242071e+06 9.848069636508207658e-01 1.804718728473042599e-02
2.458476431446266361e+06 9.953053924555410603e-01 1.804718728473042599e-02
2.458476452279290184e+06 9.984720397399485803e-01 1.804718728473042599e-02
2.458476473112312146e+06 1.004596911810863968e+00 1.804718728473042599e-02
2.458476493945333641e+06 1.008436303033961812e+00 1.804718728473042599e-02
2.458476514778354205e+06 1.011861358955417733e+00 1.804718728473042599e-02
2.458476535611373372e+06 1.019659917055998566e+00 1.804718728473042599e-02
2.458476556444392074e+06 1.018584622147935104e+00 1.804718728473042599e-02
2.458476577277409844e+06 1.028430573293309669e+00 1.804718728473042599e-02
2.458476598110426683e+06 1.023562322933303070e+00 1.804718728473042599e-02
2.458476618943442591e+06 1.031378648614693860e+00 1.804718728473042599e-02
2.458476639776458032e+06 1.032260297516399250e+00 1.804718728473042599e-02
2.458476660609472077e+06 1.032161877804412375e+00 1.804718728473042599e-02
2.458476681442485191e+06 1.036925105152225024e+00 1.804718728473042599e-02
2.458476702275498305e+06 1.042954694315454844e+00 1.804718728473042599e-02
2.458476723108510021e+06 1.042063706018701463e+00 1.804718728473042599e-02
2.458476743941521738e+06 1.046136675630884527e+00 1.804718728473042599e-02
2.458476764774532057e+06 1.050350634035724262e+00 1.804718728473042599e-02
2.458476785607542377e+06 1.052693699639502434e+00 1.804718728473042599e-02
2.458478806419112254e+06 9.837021729508818035e-01 1.804718728473042599e-02
2.458478827252272982e+06 9.718475422694655697e-01 1.804718728473042599e-02
2.458478848085432313e+06 9.734690090715739652e-01 1.804718728473042599e-02
2.458478868918591179e+06 9.880351428419591464e-01 1.804718728473042599e-02
2.458478889751748648e+06 9.836009172746603690e-01 1.804718728473042599e-02
2.458478910584905185e+06 9.835309657485675761e-01 1.804718728473042599e-02
2.458478931418060791e+06 9.844232545703422987e-01 1.804718728473042599e-02
2.458478952251215465e+06 9.813884444625374792e-01 1.804718728473042599e-02
2.458478973084369209e+06 9.816455450099531577e-01 1.804718728473042599e-02
2.458478993917521555e+06 9.824111288658587959e-01 1.804718728473042599e-02
2.458479014750673436e+06 9.903839277763414328e-01 1.804718728473042599e-02
2.458479035583823919e+06 9.917117183236824340e-01 1.804718728473042599e-02
2.458479056416973472e+06 9.910451827148384352e-01 1.804718728473042599e-02
2.458479077250122093e+06 9.858944740494307579e-01 1.804718728473042599e-02
2.458479098083269782e+06 9.919436149138887160e-01 1.804718728473042599e-02
2.458479118916416075e+06 1.001176570656605369e+00 1.804718728473042599e-02
2.458479139749561436e+06 9.910394422565688144e-01 1.804718728473042599e-02
2.458479160582706332e+06 9.987913369656985507e-01 1.804718728473042599e-02
2.458479181415852625e+06 9.966071397576500290e-01 1.804718728473042599e-02
2.458479202248995192e+06 1.001211498947819356e+00 1.804718728473042599e-02
2.458479223082136363e+06 1.001574451453436376e+00 1.804718728473042599e-02
2.458479243915277068e+06 1.007030695003192200e+00 1.804718728473042599e-02
2.458479264748416375e+06 1.003576643735166529e+00 1.804718728473042599e-02
2.458479285581554752e+06 1.007771868852016528e+00 1.804718728473042599e-02
2.458479306414692197e+06 1.006950218207544490e+00 1.804718728473042599e-02
2.458479327247828245e+06 1.013983430024962606e+00 1.804718728473042599e-02
2.458479348080963828e+06 1.012551675009119467e+00 1.804718728473042599e-02
2.458479368914098013e+06 1.018865729935157560e+00 1.804718728473042599e-02
2.458479389747231267e+06 1.012564088730007583e+00 1.804718728473042599e-02
2.458479410580363590e+06 1.015745532914387406e+00 1.804718728473042599e-02
2.458479431413494982e+06 1.013968705825404770e+00 1.804718728473042599e-02
2.458479452246624976e+06 1.016099457355779556e+00 1.804718728473042599e-02
2.458479473079754040e+06 1.019539027139146459e+00 1.804718728473042599e-02
2.458479493912882637e+06 1.022454902569984947e+00 1.804718728473042599e-02
2.458479514746009838e+06 1.019668643508768291e+00 1.804718728473042599e-02
2.458479535579136107e+06 1.019857796577275266e+00 1.804718728473042599e-02
2.458479556412260979e+06 1.020738974334033378e+00 1.804718728473042599e-02
2.458479577245385386e+06 1.017939479206354747e+00 1.804718728473042599e-02
2.458479598078508396e+06 1.025649607520233042e+00 1.804718728473042599e-02
2.458479618911630940e+06 1.023753407578941177e+00 1.804718728473042599e-02
2.458479639744752087e+06 1.020144339799653688e+00 1.804718728473042599e-02
2.458479660577872302e+06 1.021765643573360638e+00 1.804718728473042599e-02
2.458479681410991587e+06 1.024923453401857865e+00 1.804718728473042599e-02
2.458479702244109940e+06 1.020295666515041777e+00 1.804718728473042599e-02
2.458479723077227362e+06 1.023952452045535200e+00 1.804718728473042599e-02
2.458479743910343852e+06 1.020326469919704770e+00 1.804718728473042599e-02
2.458479764743458945e+06 1.022754172520129234e+00 1.804718728473042599e-02
2.458479785576573573e+06 1.019396746717388780e+00 1.804718728473042599e-02
2.458479806409686804e+06 1.019782107914414704e+00 1.804718728473042599e-02
2.458479827242799103e+06 1.023842432968059546e+00 1.804718728473042599e-02
2.458479848075910471e+06 1.023892188452062202e+00 1.804718728473042599e-02
2.458479868909021374e+06 1.020874553007126151e+00 1.804718728473042599e-02
2.458479889742130879e+06 1.016019614349519928e+00 1.804718728473042599e-02
2.458479910575239453e+06 1.021402946643850340e+00 1.804718728473042599e-02
2.458479931408346631e+06 1.017415728989251367e+00 1.804718728473042599e-02
2.458479952241453808e+06 1.019394635482701039e+00 1.804718728473042599e-02
2.458479973074559122e+06 1.018769367080917032e+00 1.804718728473042599e-02
2.458479993907663971e+06 1.007743885439200238e+00 1.804718728473042599e-02
2.458480014740767889e+06 1.014349977311450601e+00 1.804718728473042599e-02
2.458480035573870409e+06 1.014719053918882175e+00 1.804718728473042599e-02
2.458480056406972464e+06 1.011262081924142242e+00 1.804718728473042599e-02
2.458480077240073122e+06 1.006930616787668376e+00 1.804718728473042599e-02
2.458480098073173314e+06 1.010437395318875220e+00 1.804718728473042599e-02
2.458480118906272110e+06 1.010044721345578322e+00 1.804718728473042599e-02
2.458480139739370439e+06 1.006789728358097546e+00 1.804718728473042599e-02
2.458480160572467372e+06 1.009545963552710646e+00 1.804718728473042599e-02
2.458480181405563839e+06 1.009655150597537077e+00 1.804718728473042599e-02
2.458480202238658909e+06 1.006395105047744654e+00 1.804718728473042599e-02
2.458480223071753513e+06 1.005576025528542417e+00 1.804718728473042599e-02
2.458480243904846720e+06 9.974421190312090513e-01 1.804718728473042599e-02
2.458480264737939462e+06 1.002981876094124924e+00 1.804718728473042599e-02
2.458480285571030807e+06 9.993888861476695196e-01 1.804718728473042599e-02
2.458480306404121686e+06 9.983039595194651561e-01 1.804718728473042599e-02
2.458480327237211168e+06 9.953530306617921486e-01 1.804718728473042599e-02
2.458480348070300184e+06 9.925252841338254584e-01 1.804718728473042599e-02
2.458480368903387804e+06 9.930777572804266873e-01 1.804718728473042599e-02
2.458480389736474957e+06 9.925412514773018779e-01 1.804718728473042599e-02
2.458480410569560714e+06 9.915137899858070814e-01 1.804718728473042599e-02
2.458480431402646005e+06 9.930284542966929529e-01 1.804718728473042599e-02
2.458480452235729899e+06 9.872129681085245467e-01 1.804718728473042599e-02
2.458480473068813328e+06 9.802885225904867106e-01 1.804718728473042599e-02
2.458480493901895825e+06 9.739683404744815531e-01 1.804718728473042599e-02
2.458480514734976925e+06 9.641292557063151358e-01 1.804718728473042599e-02
2.458480535568057559e+06 9.608514483036728615e-01 1.804718728473042599e-02
2.458480556401137263e+06 9.606084860195924779e-01 1.804718728473042599e-02
2.458480577234216034e+06 9.535248413562665837e-01 1.804718728473042599e-02
2.458480598067293875e+06 9.432431039033074560e-01 1.804718728473042599e-02
2.458480618900371250e+06 9.400121815885632559e-01 1.804718728473042599e-02
2.458480639733446762e+06 9.321076845032228997e-01 1.804718728473042599e-02
2.458480660566522274e+06 9.351845220268842906e-01 1.804718728473042599e-02
2.458480681399596389e+06 9.371980662810677210e-01 1.804718728473042599e-02
2.458480702232669573e+06 9.334002996794279472e-01 1.804718728473042599e-02
2.458480723065742292e+06 9.391257412105217250e-01 1.804718728473042599e-02
2.458480743898813613e+06 9.396939819647225356e-01 1.804718728473042599e-02
2.458480764731884468e+06 9.421350330488652558e-01 1.804718728473042599e-02
2.458480785564954393e+06 9.505141746509074840e-01 1.804718728473042599e-02
2.458480806398023386e+06 9.571986079094111366e-01 1.804718728473042599e-02
2.458480827231091447e+06 9.640400024141896340e-01 1.804718728473042599e-02
2.458480848064158577e+06 9.687678838314907059e-01 1.804718728473042599e-02
2.458480868897224776e+06 9.782667980274905029e-01 1.804718728473042599e-02
2.458480889730290044e+06 9.873313381521803267e-01 1.804718728473042599e-02
2.458480910563354846e+06 9.953780820937205842e-01 1.804718728473042599e-02
2.458480931396418251e+06 9.944076857350874210e-01 1.804718728473042599e-02
2.458480952229481190e+06 1.000008755267439042e+00 1.804718728473042599e-02
2.458480973062542733e+06 9.958371999393957896e-01 1.804718728473042599e-02
2.458480993895604275e+06 1.005727884430845487e+00 1.804718728473042599e-02
2.458481014728663955e+06 1.004208285639390796e+00 1.804718728473042599e-02
2.458481035561723635e+06 1.008283604200414185e+00 1.804718728473042599e-02
2.458481056394781917e+06 1.011147551384846688e+00 1.804718728473042599e-02
2.458481077227839269e+06 1.009771571624430653e+00 1.804718728473042599e-02
2.458481098060896154e+06 1.008996096307066548e+00 1.804718728473042599e-02
2.458481118893951643e+06 1.014220689260508346e+00 1.804718728473042599e-02
2.458481139727007132e+06 1.013754358445143167e+00 1.804718728473042599e-02
2.458481160560060758e+06 1.012458394877317369e+00 1.804718728473042599e-02
2.458481181393114384e+06 1.012250394536963416e+00 1.804718728473042599e-02
2.458481202226166613e+06 1.016375639544994103e+00 1.804718728473042599e-02
2.458481223059217911e+06 1.019304981528490028e+00 1.804718728473042599e-02
2.458481243892268743e+06 1.016278048843048287e+00 1.804718728473042599e-02
2.458481264725318179e+06 1.023046009117989152e+00 1.804718728473042599e-02
2.458481306391415652e+06 1.020447795554086934e+00 1.804718728473042599e-02
2.458481327224462759e+06 1.016745777055620525e+00 1.804718728473042599e-02
2.458481348057508934e+06 1.015786028901393578e+00 1.804718728473042599e-02
2.458481368890554644e+06 1.015527118849703703e+00 1.804718728473042599e-02
2.458481389723599423e+06 1.022083979657631536e+00 1.804718728473042599e-02
2.458481410556643270e+06 1.014792727527607408e+00 1.804718728473042599e-02
2.458481431389686186e+06 1.013884798141320820e+00 1.804718728473042599e-02
2.458481452222728170e+06 1.023644928411899580e+00 1.804718728473042599e-02
2.458481473055769689e+06 1.020090482510622509e+00 1.804718728473042599e-02
2.458481493888810277e+06 1.024713043252331701e+00 1.804718728473042599e-02
2.458481514721849933e+06 1.027882370140565937e+00 1.804718728473042599e-02
2.458481535554888658e+06 1.028112978608193284e+00 1.804718728473042599e-02
2.458481556387926452e+06 1.026041699767200610e+00 1.804718728473042599e-02
2.458481577220963314e+06 1.027996460081637142e+00 1.804718728473042599e-02
2.458481598053999711e+06 1.030500584011673215e+00 1.804718728473042599e-02
2.458481618887035176e+06 1.036627971474433307e+00 1.804718728473042599e-02
2.458481639720069710e+06 1.025630416383977783e+00 1.804718728473042599e-02
2.458481660553103779e+06 1.029862662757989655e+00 1.804718728473042599e-02
2.458481681386136450e+06 1.033393275723499594e+00 1.804718728473042599e-02
2.458481702219168656e+06 1.027114576581514616e+00 1.804718728473042599e-02
2.458481723052199930e+06 1.031568680718734532e+00 1.804718728473042599e-02
2.458481743885230273e+06 1.024863073265017688e+00 1.804718728473042599e-02
2.458481764718259685e+06 1.025967839147844174e+00 1.804718728473042599e-02
2.458481785551288631e+06 1.024804534623310781e+00 1.804718728473042599e-02
2.458481806384316646e+06 1.029959286126963081e+00 1.804718728473042599e-02
2.458481827217343263e+06 1.030598926815701422e+00 1.804718728473042599e-02
2.458481848050369881e+06 1.032674815302505600e+00 1.804718728473042599e-02
2.458481868883395102e+06 1.030102628671319520e+00 1.804718728473042599e-02
2.458481889716419857e+06 1.027758890678353021e+00 1.804718728473042599e-02
2.458481910549443681e+06 1.024104474533085174e+00 1.804718728473042599e-02
2.458481931382466573e+06 1.028180061031338521e+00 1.804718728473042599e-02
2.458481952215489000e+06 1.023429709730154347e+00 1.804718728473042599e-02
2.458481973048510030e+06 1.024565778791119541e+00 1.804718728473042599e-02
2.458481993881530594e+06 1.021005911054433613e+00 1.804718728473042599e-02
2.458482014714550227e+06 1.028121016092888862e+00 1.804718728473042599e-02
2.458482035547569394e+06 1.015311532238621028e+00 1.804718728473042599e-02
2.458482056380587164e+06 1.018812433968451892e+00 1.804718728473042599e-02
2.458482077213604469e+06 1.008996169198593362e+00 1.804718728473042599e-02
2.458482098046620842e+06 1.011361110247443351e+00 1.804718728473042599e-02
2.458482118879636284e+06 1.005052637793584891e+00 1.804718728473042599e-02
2.458482139712651260e+06 1.004202063534817446e+00 1.804718728473042599e-02
2.458482160545664839e+06 1.003748945600204667e+00 1.804718728473042599e-02
2.458482181378678419e+06 9.986407285141046808e-01 1.804718728473042599e-02
2.458482202211690601e+06 1.005364208640755486e+00 1.804718728473042599e-02
2.458482223044702318e+06 9.970180540812620951e-01 1.804718728473042599e-02
2.458482243877712637e+06 9.990384892592296673e-01 1.804718728473042599e-02
2.458482264710722957e+06 9.961829454844906007e-01 1.804718728473042599e-02
2.458482285543731879e+06 9.901405279686837924e-01 1.804718728473042599e-02
2.458482306376739871e+06 9.855998455719561235e-01 1.804718728473042599e-02
2.458482327209747396e+06 9.854040419026294240e-01 1.804718728473042599e-02
2.458482348042753991e+06 9.873130258149203087e-01 1.804718728473042599e-02
2.458482368875760119e+06 9.861669829888909389e-01 1.804718728473042599e-02
2.458482389708764851e+06 9.835492571308164234e-01 1.804718728473042599e-02
2.458482410541769583e+06 9.780869590003165026e-01 1.804718728473042599e-02
2.458482431374772917e+06 9.765080385156926779e-01 1.804718728473042599e-02
2.458482452207775321e+06 9.746760977717611185e-01 1.804718728473042599e-02
2.458482473040777259e+06 9.804904343467008010e-01 1.804718728473042599e-02
2.458482493873778265e+06 9.743543426060228274e-01 1.804718728473042599e-02
2.458482514706778340e+06 9.697036407780287304e-01 1.804718728473042599e-02
2.458482535539777949e+06 9.737364913756505480e-01 1.804718728473042599e-02
2.458482556372776628e+06 9.711638422537060000e-01 1.804718728473042599e-02
2.458482577205774374e+06 9.654169605623793560e-01 1.804718728473042599e-02
2.458482598038771190e+06 9.640396803772085521e-01 1.804718728473042599e-02
2.458482618871767540e+06 9.631698121400392720e-01 1.804718728473042599e-02
2.458482639704762492e+06 9.590225032300774277e-01 1.804718728473042599e-02
2.458482660537757445e+06 9.497715277347119622e-01 1.804718728473042599e-02
2.458482681370751001e+06 9.272994688373993322e-01 1.804718728473042599e-02
2.458482702203744091e+06 8.891789153429137116e-01 1.804718728473042599e-02
2.458482723036736250e+06 8.601165473702657716e-01 1.804718728473042599e-02
2.458482743869727943e+06 7.946637542612595695e-01 1.804718728473042599e-02
2.458482764702718239e+06 7.334605383406985757e-01 1.804718728473042599e-02
2.458482785535708070e+06 7.259326560714067789e-01 1.804718728473042599e-02
2.458482806368696969e+06 6.475983211688043362e-01 1.804718728473042599e-02
2.458482827201685403e+06 5.820439485447485017e-01 1.804718728473042599e-02
2.458482848034672905e+06 5.315284806071097767e-01 1.804718728473042599e-02
2.458482868867659476e+06 4.837670858254591311e-01 1.804718728473042599e-02
2.458482889700645115e+06 4.538676199458386851e-01 1.804718728473042599e-02
2.458482910533630289e+06 4.413933021447813965e-01 1.804718728473042599e-02
2.458482931366614532e+06 4.415886205488625538e-01 1.804718728473042599e-02
2.458482952199597843e+06 4.689267375851590147e-01 1.804718728473042599e-02
2.458482973032580689e+06 5.097263101429704291e-01 1.804718728473042599e-02
2.458482993865562603e+06 5.591011326843267071e-01 1.804718728473042599e-02
2.458483014698543120e+06 6.175566827949109383e-01 1.804718728473042599e-02
2.458483035531523637e+06 6.934068042559702327e-01 1.804718728473042599e-02
2.458483056364503223e+06 7.025696750758736453e-01 1.804718728473042599e-02
2.458483077197481878e+06 7.695656314558595446e-01 1.804718728473042599e-02
2.458483098030459601e+06 8.315577629403965165e-01 1.804718728473042599e-02
2.458483118863436859e+06 8.900582946832908959e-01 1.804718728473042599e-02
2.458483139696413185e+06 9.118179440684782699e-01 1.804718728473042599e-02
2.458483160529388580e+06 9.445825954091754406e-01 1.804718728473042599e-02
2.458483181362363510e+06 9.603610708379848315e-01 1.804718728473042599e-02
2.458483202195337508e+06 9.694077852400042605e-01 1.804718728473042599e-02
2.458483223028310575e+06 9.644344750874598304e-01 1.804718728473042599e-02
2.458483243861282710e+06 9.691143680081679701e-01 1.804718728473042599e-02
2.458483264694254380e+06 9.694700161094321755e-01 1.804718728473042599e-02
2.458483285527225118e+06 9.720520920489766903e-01 1.804718728473042599e-02
2.458483306360195391e+06 9.768913333208792960e-01 1.804718728473042599e-02
2.458483327193164732e+06 9.755889241460995454e-01 1.804718728473042599e-02
2.458483348026132677e+06 9.850432055545729204e-01 1.804718728473042599e-02
2.458483368859100621e+06 9.795595374063321703e-01 1.804718728473042599e-02
2.458483389692067169e+06 9.847535894837785575e-01 1.804718728473042599e-02
2.458483410525033716e+06 9.857140213820881902e-01 1.804718728473042599e-02
2.458483431357998867e+06 9.847912382298379397e-01 1.804718728473042599e-02
2.458483452190963551e+06 9.838573517654048972e-01 1.804718728473042599e-02
2.458483473023926839e+06 9.964786573813406712e-01 1.804718728473042599e-02
2.458483493856890127e+06 9.929992741697393210e-01 1.804718728473042599e-02
2.458483514689852018e+06 1.002547187820473251e+00 1.804718728473042599e-02
2.458483535522813443e+06 9.965590551918779294e-01 1.804718728473042599e-02
2.458483556355773937e+06 1.003770315620416076e+00 1.804718728473042599e-02
2.458483577188733965e+06 9.997243721384649895e-01 1.804718728473042599e-02
2.458483598021693062e+06 1.006410351660748104e+00 1.804718728473042599e-02
2.458483618854651228e+06 1.010966291538663908e+00 1.804718728473042599e-02
2.458483639687608462e+06 1.012244804156924749e+00 1.804718728473042599e-02
2.458483660520565230e+06 1.009607214646835338e+00 1.804718728473042599e-02
2.458483681353521068e+06 1.011718018919607109e+00 1.804718728473042599e-02
2.458483702186476439e+06 1.014346544498530678e+00 1.804718728473042599e-02
2.458483723019430414e+06 1.020512450234876800e+00 1.804718728473042599e-02
2.458483743852383923e+06 1.016934604939238262e+00 1.804718728473042599e-02
2.458483764685336966e+06 1.021666919491091896e+00 1.804718728473042599e-02
2.458483785518289078e+06 1.016109300515596336e+00 1.804718728473042599e-02
2.458483806351239793e+06 1.019535051213579457e+00 1.804718728473042599e-02
2.458483827184190508e+06 1.022898356332817782e+00 1.804718728473042599e-02
2.458483848017139826e+06 1.027880067570190681e+00 1.804718728473042599e-02
2.458483868850088678e+06 1.033788872401070869e+00 1.804718728473042599e-02
2.458483889683037065e+06 1.030753829905447061e+00 1.804718728473042599e-02
2.458483910515984055e+06 1.035858299156145801e+00 1.804718728473042599e-02
2.458483931348930579e+06 1.030828667685935285e+00 1.804718728473042599e-02
2.458483952181876637e+06 1.030216242676424976e+00 1.804718728473042599e-02
2.458483973014821298e+06 1.033117966380665775e+00 1.804718728473042599e-02
2.458483993847765494e+06 1.034089151714207011e+00 1.804718728473042599e-02
2.458484014680709224e+06 1.037494144022696796e+00 1.804718728473042599e-02
2.458484035513651557e+06 1.035740089652329665e+00 1.804718728473042599e-02
2.458484056346593425e+06 1.041568810116631827e+00 1.804718728473042599e-02
2.458484077179534361e+06 1.041928326520649373e+00 1.804718728473042599e-02
2.458484098012474831e+06 1.044496078046689869e+00 1.804718728473042599e-02
2.458484118845414370e+06 1.037824637485091461e+00 1.804718728473042599e-02
2.458484139678352978e+06 1.039499267738580590e+00 1.804718728473042599e-02
2.458484160511291120e+06 1.036113093262459817e+00 1.804718728473042599e-02
2.458484181344227865e+06 1.037932855569020152e+00 1.804718728473042599e-02
2.458484202177164610e+06 1.036934171108004010e+00 1.804718728473042599e-02
2.458484223010099959e+06 1.032937935705103172e+00 1.804718728473042599e-02
2.458484243843034841e+06 1.031448357991500586e+00 1.804718728473042599e-02
2.458484264675968792e+06 1.035710329883916314e+00 1.804718728473042599e-02
2.458484285508901812e+06 1.036110866668088493e+00 1.804718728473042599e-02
2.458484306341834366e+06 1.030583570476166777e+00 1.804718728473042599e-02
2.458484327174765989e+06 1.031909071023011659e+00 1.804718728473042599e-02
2.458484348007697146e+06 1.026601619458188175e+00 1.804718728473042599e-02
2.458484368840627372e+06 1.027754504781279277e+00 1.804718728473042599e-02
2.458484389673556667e+06 1.023753773568668146e+00 1.804718728473042599e-02
2.458484431339412928e+06 1.009880560508920944e+00 1.804718728473042599e-02
2.458484452172339894e+06 1.014196759773898782e+00 1.804718728473042599e-02
2.458484473005266394e+06 1.010709553538094774e+00 1.804718728473042599e-02
2.458484493838191964e+06 1.010024751301995094e+00 1.804718728473042599e-02
2.458484514671116136e+06 1.011359099321441635e+00 1.804718728473042599e-02
2.458484535504040308e+06 1.010177177512977975e+00 1.804718728473042599e-02
2.458484556336963549e+06 1.003140513877896378e+00 1.804718728473042599e-02
2.458484577169885859e+06 1.006800310439325052e+00 1.804718728473042599e-02
2.458484598002807237e+06 1.003748091444094159e+00 1.804718728473042599e-02
2.458484618835729547e+06 1.005091657581233200e+00 1.804718728473042599e-02
2.458484639668649994e+06 1.001256068412039735e+00 1.804718728473042599e-02
2.458484660501569044e+06 1.000200271797116791e+00 1.804718728473042599e-02
2.458484681334487628e+06 9.962447107147207603e-01 1.804718728473042599e-02
2.458484702167405281e+06 9.992178718131590198e-01 1.804718728473042599e-02
2.458484723000322003e+06 9.994171979100315850e-01 1.804718728473042599e-02
2.458484743833238259e+06 9.987215696292333078e-01 1.804718728473042599e-02
2.458484764666153118e+06 9.947899241159647854e-01 1.804718728473042599e-02
2.458484785499067977e+06 9.973188979249664188e-01 1.804718728473042599e-02
2.458484806331981905e+06 9.959372785552177421e-01 1.804718728473042599e-02
2.458484827164894901e+06 9.921066920657591881e-01 1.804718728473042599e-02
2.458484847997806966e+06 9.926240651426190276e-01 1.804718728473042599e-02
2.458484868830718566e+06 9.920401382720472894e-01 1.804718728473042599e-02
2.458484889663629234e+06 9.896723702972426429e-01 1.804718728473042599e-02
2.458484910496538971e+06 9.839407229437823199e-01 1.804718728473042599e-02
2.458484931329447776e+06 9.796292656615448458e-01 1.804718728473042599e-02
2.458484952162356116e+06 9.722688385006962308e-01 1.804718728473042599e-02
2.458484972995263990e+06 9.633532263041715282e-01 1.804718728473042599e-02
2.458484993828170467e+06 9.590900498283322362e-01 1.804718728473042599e-02
2.458485014661076479e+06 9.537483026200956893e-01 1.804718728473042599e-02
2.458485035493981559e+06 9.483078825459501093e-01 1.804718728473042599e-02
2.458485056326886173e+06 9.388228768106638977e-01 1.804718728473042599e-02
2.458485077159789857e+06 9.316581623928965605e-01 1.804718728473042599e-02
2.458485097992692608e+06 9.331489677724464915e-01 1.804718728473042599e-02
2.458485118825594429e+06 9.269483269304902295e-01 1.804718728473042599e-02
2.458485139658495784e+06 9.246095064285532183e-01 1.804718728473042599e-02
2.458485160491396207e+06 9.336912835714251679e-01 1.804718728473042599e-02
2.458485181324296165e+06 9.322184095923822245e-01 1.804718728473042599e-02
2.458485202157195192e+06 9.383422409092960770e-01 1.804718728473042599e-02
2.458485222990093287e+06 9.376613967781857184e-01 1.804718728473042599e-02
2.458485243822990451e+06 9.440365456916586240e-01 1.804718728473042599e-02
2.458485264655887149e+06 9.478142633718940058e-01 1.804718728473042599e-02
2.458485285488782916e+06 9.550049953806304393e-01 1.804718728473042599e-02
2.458485306321677752e+06 9.627643380117625327e-01 1.804718728473042599e-02
2.458485327154572122e+06 9.742151273613818274e-01 1.804718728473042599e-02
2.458485347987465560e+06 9.750296298317369104e-01 1.804718728473042599e-02
2.458485368820358068e+06 9.830620915325076759e-01 1.804718728473042599e-02
2.458485389653250109e+06 9.930316696542481614e-01 1.804718728473042599e-02
2.458485410486141220e+06 9.921093193750798456e-01 1.804718728473042599e-02
2.458485431319031399e+06 9.956048977407035983e-01 1.804718728473042599e-02
2.458485452151920646e+06 9.928248734100673101e-01 1.804718728473042599e-02
2.458485472984809428e+06 1.001639660716245217e+00 1.804718728473042599e-02
2.458485493817697279e+06 9.997215183115629733e-01 1.804718728473042599e-02
2.458485514650584664e+06 1.008092005853657769e+00 1.804718728473042599e-02
2.458485535483471118e+06 1.009731602067471368e+00 1.804718728473042599e-02
2.458485556316356640e+06 1.007080294219609762e+00 1.804718728473042599e-02
2.458485577149241231e+06 1.009076318750023793e+00 1.804718728473042599e-02
2.458485597982125357e+06 1.003891601620411134e+00 1.804718728473042599e-02
2.458485618815008551e+06 1.005075737100409539e+00 1.804718728473042599e-02
2.458485639647890814e+06 1.006047024984717986e+00 1.804718728473042599e-02
2.458485660480772145e+06 1.011775303872200160e+00 1.804718728473042599e-02
2.458485681313653477e+06 1.010380084849537896e+00 1.804718728473042599e-02
2.458485702146533411e+06 1.006610082342057177e+00 1.804718728473042599e-02
2.458485722979412414e+06 1.014036864626966405e+00 1.804718728473042599e-02
2.458485743812290952e+06 1.012832245074878568e+00 1.804718728473042599e-02
2.458485764645168558e+06 1.016650911751131314e+00 1.804718728473042599e-02
2.458485785478045698e+06 1.014475498933098185e+00 1.804718728473042599e-02
2.458485806310921907e+06 1.017046556115732026e+00 1.804718728473042599e-02
2.458485827143796720e+06 1.016155707073365111e+00 1.804718728473042599e-02
2.458485847976671066e+06 1.020151676061265000e+00 1.804718728473042599e-02
2.458485868809544947e+06 1.017559722866338445e+00 1.804718728473042599e-02
2.458485889642417897e+06 1.022585359885049616e+00 1.804718728473042599e-02
2.458485910475289915e+06 1.021761224474973861e+00 1.804718728473042599e-02
2.458485931308161467e+06 1.018970693532904814e+00 1.804718728473042599e-02
2.458485952141032089e+06 1.022326198356587668e+00 1.804718728473042599e-02
2.458485972973901778e+06 1.028221884688871990e+00 1.804718728473042599e-02
2.458485993806770537e+06 1.029756130464607677e+00 1.804718728473042599e-02
2.458486014639638830e+06 1.022530248756773119e+00 1.804718728473042599e-02
2.458486035472505726e+06 1.024713183870384015e+00 1.804718728473042599e-02
2.458486056305372622e+06 1.027292667615459898e+00 1.804718728473042599e-02
2.458486077138238121e+06 1.025311284190331573e+00 1.804718728473042599e-02
2.458486097971103154e+06 1.027688926895434562e+00 1.804718728473042599e-02
2.458486118803967256e+06 1.032920067601086789e+00 1.804718728473042599e-02
2.458486139636830427e+06 1.025507936532785047e+00 1.804718728473042599e-02
2.458486160469693132e+06 1.024066158961314477e+00 1.804718728473042599e-02
2.458486181302554440e+06 1.024241254081134755e+00 1.804718728473042599e-02
2.458486202135415748e+06 1.026712342871485273e+00 1.804718728473042599e-02
2.458486222968275659e+06 1.024737222047028773e+00 1.804718728473042599e-02
2.458486243801135104e+06 1.026087530388981373e+00 1.804718728473042599e-02
2.458486264633993618e+06 1.025639988418149073e+00 1.804718728473042599e-02
2.458486285466851201e+06 1.023458282366896288e+00 1.804718728473042599e-02
2.458486306299708318e+06 1.028233127114782430e+00 1.804718728473042599e-02
2.458486327132564504e+06 1.028275875492155933e+00 1.804718728473042599e-02
2.458486347965419292e+06 1.029992085248386147e+00 1.804718728473042599e-02
2.458486368798274081e+06 1.029722567518383647e+00 1.804718728473042599e-02
2.458486389631127473e+06 1.029535146411213464e+00 1.804718728473042599e-02
2.458486410463980399e+06 1.027744405318269827e+00 1.804718728473042599e-02
2.458486431296832394e+06 1.023168660951806475e+00 1.804718728473042599e-02
2.458486452129683457e+06 1.024402823886367608e+00 1.804718728473042599e-02
2.458486472962534055e+06 1.024099765769015180e+00 1.804718728473042599e-02
2.458486493795383722e+06 1.022959921261613392e+00 1.804718728473042599e-02
2.458486514628232457e+06 1.023546959702917869e+00 1.804718728473042599e-02
2.458486535461080726e+06 1.015770713080919041e+00 1.804718728473042599e-02
2.458486556293927599e+06 1.018930992144015057e+00 1.804718728473042599e-02
2.458486577126774006e+06 1.022226709219186569e+00 1.804718728473042599e-02
2.458486597959619481e+06 1.014945662192896281e+00 1.804718728473042599e-02
2.458486618792464491e+06 1.014626966430961064e+00 1.804718728473042599e-02
2.458486639625308104e+06 1.006622260166559313e+00 1.804718728473042599e-02
2.458486660458151251e+06 1.012767054275069079e+00 1.804718728473042599e-02
2.458486681290993467e+06 1.010410307469667979e+00 1.804718728473042599e-02
2.458486702123834752e+06 1.005047095874604723e+00 1.804718728473042599e-02
2.458486722956675570e+06 1.004214170273621365e+00 1.804718728473042599e-02
2.458486743789515458e+06 9.977921816425191492e-01 1.804718728473042599e-02
2.458486764622354414e+06 9.994778315775094679e-01 1.804718728473042599e-02
2.458486785455192439e+06 9.970905945117513047e-01 1.804718728473042599e-02
2.458486806288029999e+06 9.965941793201222865e-01 1.804718728473042599e-02
2.458486827120866161e+06 9.935308333936107017e-01 1.804718728473042599e-02
2.458486847953701857e+06 9.895647062962287244e-01 1.804718728473042599e-02
2.458486868786536623e+06 9.919813452991371738e-01 1.804718728473042599e-02
2.458486889619370922e+06 9.916694788537170346e-01 1.804718728473042599e-02
2.458486910452203825e+06 9.895335328965816357e-01 1.804718728473042599e-02
2.458486931285036262e+06 9.880716023930311565e-01 1.804718728473042599e-02
2.458486952117867768e+06 9.804031375134411030e-01 1.804718728473042599e-02
2.458486972950698342e+06 9.873492956531292331e-01 1.804718728473042599e-02
2.458486993783528451e+06 9.828888562486028935e-01 1.804718728473042599e-02
2.458487014616357628e+06 9.856040670306261964e-01 1.804718728473042599e-02
2.458487035449185874e+06 9.781131317186358975e-01 1.804718728473042599e-02
2.458487056282013189e+06 9.829355187009841677e-01 1.804718728473042599e-02
2.458487077114839572e+06 9.784475824994990356e-01 1.804718728473042599e-02
2.458487097947665490e+06 9.772083732294849501e-01 1.804718728473042599e-02
2.458487118780490011e+06 9.718034120945193699e-01 1.804718728473042599e-02
2.458487139613314066e+06 9.515963472721739036e-01 1.804718728473042599e-02
2.458487160446137190e+06 9.130161769203630762e-01 1.804718728473042599e-02
2.458487181278959848e+06 8.756664283989890052e-01 1.804718728473042599e-02
2.458487202111781109e+06 8.202628550212125447e-01 1.804718728473042599e-02
2.458487222944601905e+06 7.521131264761505841e-01 1.804718728473042599e-02
2.458487243777421303e+06 7.439208318125803965e-01 1.804718728473042599e-02
2.458487264610240236e+06 6.776406249758768485e-01 1.804718728473042599e-02
2.458487285443058703e+06 6.072491507213704232e-01 1.804718728473042599e-02
2.458487306275875773e+06 5.469500054812989065e-01 1.804718728473042599e-02
2.458487327108692378e+06 5.037043657078947856e-01 1.804718728473042599e-02
2.458487347941507585e+06 4.691794417825659869e-01 1.804718728473042599e-02
2.458487368774322327e+06 4.603942537392229917e-01 1.804718728473042599e-02
2.458487389607136138e+06 4.538369016551245805e-01 1.804718728473042599e-02
2.458487410439949017e+06 4.783673571082719400e-01 1.804718728473042599e-02
2.458487431272761431e+06 5.167701563054944991e-01 1.804718728473042599e-02
2.458487452105572447e+06 5.649662177721911371e-01 1.804718728473042599e-02
2.458487472938382998e+06 6.329326397740769883e-01 1.804718728473042599e-02
2.458487493771192152e+06 6.969690624840623183e-01 1.804718728473042599e-02
2.458487514604001306e+06 7.099167244568617141e-01 1.804718728473042599e-02
2.458487556269615889e+06 8.311513380698948295e-01 1.804718728473042599e-02
2.458487577102421783e+06 8.894551642637353872e-01 1.804718728473042599e-02
2.458487597935226746e+06 9.215614342292410832e-01 1.804718728473042599e-02
2.458487618768031243e+06 9.469762399118687446e-01 1.804718728473042599e-02
2.458487639600834809e+06 9.613652775208879619e-01 1.804718728473042599e-02
2.458487660433637444e+06 9.647921881460546079e-01 1.804718728473042599e-02
2.458487681266439147e+06 9.670032732812468002e-01 1.804718728473042599e-02
2.458487702099239919e+06 9.689806543052015275e-01 1.804718728473042599e-02
2.458487722932039760e+06 9.673032640305953000e-01 1.804718728473042599e-02
2.458487743764839135e+06 9.690643899758031310e-01 1.804718728473042599e-02
2.458487764597637113e+06 9.712291188405276499e-01 1.804718728473042599e-02
2.458487785430434160e+06 9.739449273440252686e-01 1.804718728473042599e-02
2.458487806263230741e+06 9.724763952795456579e-01 1.804718728473042599e-02
2.458487827096026391e+06 9.756480841774155532e-01 1.804718728473042599e-02
2.458487847928821109e+06 9.767291404884500539e-01 1.804718728473042599e-02
2.458487868761614896e+06 9.802110858221941836e-01 1.804718728473042599e-02
2.458487889594407752e+06 9.813685816992802069e-01 1.804718728473042599e-02
2.458487910427199677e+06 9.860681307762823034e-01 1.804718728473042599e-02
2.458487931259990670e+06 9.778340211630579537e-01 1.804718728473042599e-02
2.458487952092780732e+06 9.849370979420375427e-01 1.804718728473042599e-02
2.458487972925569862e+06 9.838196807061647675e-01 1.804718728473042599e-02
2.458487993758358527e+06 9.876108193840823501e-01 1.804718728473042599e-02
2.458488014591145795e+06 9.881035452109567796e-01 1.804718728473042599e-02
2.458488035423932597e+06 9.900626894789331667e-01 1.804718728473042599e-02
2.458488056256718002e+06 9.959247573277787424e-01 1.804718728473042599e-02
2.458488077089502942e+06 9.954879878544583560e-01 1.804718728473042599e-02
2.458488097922286950e+06 9.981785692499464124e-01 1.804718728473042599e-02
2.458488118755069561e+06 9.962791766962197926e-01 1.804718728473042599e-02
2.458488139587851707e+06 9.999031349637257371e-01 1.804718728473042599e-02
2.458488160420632921e+06 1.003982961599059420e+00 1.804718728473042599e-02
2.458488181253413204e+06 9.982558516701400819e-01 1.804718728473042599e-02
2.458488202086192090e+06 1.005688547961074875e+00 1.804718728473042599e-02
2.458488222918970510e+06 1.010142983647079884e+00 1.804718728473042599e-02
2.458488243751747999e+06 1.009573910943635022e+00 1.804718728473042599e-02
2.458488264584524557e+06 1.009528777930978727e+00 1.804718728473042599e-02
2.458488285417300183e+06 1.010824780156342806e+00 1.804718728473042599e-02
2.458488306250074878e+06 1.008253211394360083e+00 1.804718728473042599e-02
2.458488327082848642e+06 1.007348259622011133e+00 1.804718728473042599e-02
2.458488347915621009e+06 1.013540760632240190e+00 1.804718728473042599e-02
2.458488368748392910e+06 1.013061736882642005e+00 1.804718728473042599e-02
2.458488389581163879e+06 1.013574109068454465e+00 1.804718728473042599e-02
2.458488410413933918e+06 1.019944745222576055e+00 1.804718728473042599e-02
2.458488431246703025e+06 1.018416326913282877e+00 1.804718728473042599e-02
2.458488452079471201e+06 1.016474445219049949e+00 1.804718728473042599e-02
2.458488472912237979e+06 1.017562594276801846e+00 1.804718728473042599e-02
2.458488493745004293e+06 1.016477761619666742e+00 1.804718728473042599e-02
2.458488514577769209e+06 1.017712610347965230e+00 1.804718728473042599e-02
2.458488535410533659e+06 1.013119896666039521e+00 1.804718728473042599e-02
2.458488556243297178e+06 1.021162961484876508e+00 1.804718728473042599e-02
2.458488577076059300e+06 1.017525119055241012e+00 1.804718728473042599e-02
2.458488597908820491e+06 1.018071050662499921e+00 1.804718728473042599e-02
2.458488618741580751e+06 1.018077272678467482e+00 1.804718728473042599e-02
2.458488639574340545e+06 1.020762409754870426e+00 1.804718728473042599e-02
2.458488660407098942e+06 1.015867200611793697e+00 1.804718728473042599e-02
2.458488681239856407e+06 1.019878771275352536e+00 1.804718728473042599e-02
2.458488702072612941e+06 1.016773077941563352e+00 1.804718728473042599e-02
2.458488722905368079e+06 1.018356007218351511e+00 1.804718728473042599e-02
2.458488743738122750e+06 1.016374041755617741e+00 1.804718728473042599e-02
2.458488764570876490e+06 1.017360939617116378e+00 1.804718728473042599e-02
2.458488785403628834e+06 1.016057281985061289e+00 1.804718728473042599e-02
2.458488806236380711e+06 1.020616062904558197e+00 1.804718728473042599e-02
2.458488827069131192e+06 1.018144508479502441e+00 1.804718728473042599e-02
2.458488847901880741e+06 1.015159809789865752e+00 1.804718728473042599e-02
2.458488868734629359e+06 1.014786458748997644e+00 1.804718728473042599e-02
2.458488889567377046e+06 1.017306751920609154e+00 1.804718728473042599e-02
2.458488910400123335e+06 1.010604874736323655e+00 1.804718728473042599e-02
2.458488931232869159e+06 1.011356694409618839e+00 1.804718728473042599e-02
2.458488952065613586e+06 1.012140472570257188e+00 1.804718728473042599e-02
2.458488972898357082e+06 1.012542469414578372e+00 1.804718728473042599e-02
2.458488993731099647e+06 1.011583652913599973e+00 1.804718728473042599e-02
2.458489014563841280e+06 1.006151483879206943e+00 1.804718728473042599e-02
2.458489035396581981e+06 1.009759899328133148e+00 1.804718728473042599e-02
2.458489056229321286e+06 1.013946335267880361e+00 1.804718728473042599e-02
2.458489077062059660e+06 1.002266236202444816e+00 1.804718728473042599e-02
2.458489097894797102e+06 1.005777282856284538e+00 1.804718728473042599e-02
2.458489118727533612e+06 1.007336784404006869e+00 1.804718728473042599e-02
2.458489139560269192e+06 1.012485742124403121e+00 1.804718728473042599e-02
2.458489160393003374e+06 1.005948466585705470e+00 1.804718728473042599e-02
2.458489181225736625e+06 1.012399115242944569e+00 1.804718728473042599e-02
2.458489202058468945e+06 1.008474308786565299e+00 1.804718728473042599e-02
2.458489222891200334e+06 1.014145662796322567e+00 1.804718728473042599e-02
2.458489243723930325e+06 1.008850703094600343e+00 1.804718728473042599e-02
2.458489264556659851e+06 1.007075986384142752e+00 1.804718728473042599e-02
2.458489285389387514e+06 1.006959432624041639e+00 1.804718728473042599e-02
2.458489306222114712e+06 9.968259506469202558e-01 1.804718728473042599e-02
2.458489327054840978e+06 1.000690294107323242e+00 1.804718728473042599e-02
2.458489347887565847e+06 1.000740789946032994e+00 1.804718728473042599e-02
2.458489368720289785e+06 9.988338248064653202e-01 1.804718728473042599e-02
2.458489389553012326e+06 9.939934846724224338e-01 1.804718728473042599e-02
2.458489410385734402e+06 9.902217703971628593e-01 1.804718728473042599e-02
2.458489431218455080e+06 9.822717099301894184e-01 1.804718728473042599e-02
2.458489452051174827e+06 9.729006000397292242e-01 1.804718728473042599e-02
2.458489472883893643e+06 9.707108866704876604e-01 1.804718728473042599e-02
2.458489493716611527e+06 9.601340373299532827e-01 1.804718728473042599e-02
2.458489514549328014e+06 9.617879119025700696e-01 1.804718728473042599e-02
2.458489535382043105e+06 9.494481043783243868e-01 1.804718728473042599e-02
2.458489556214757729e+06 9.528890953597497493e-01 1.804718728473042599e-02
2.458489577047471423e+06 9.493100738256442517e-01 1.804718728473042599e-02
2.458489597880183719e+06 9.467418786524541829e-01 1.804718728473042599e-02
2.458489618712895084e+06 9.460155503012600553e-01 1.804718728473042599e-02
2.458489639545605518e+06 9.535310111178546544e-01 1.804718728473042599e-02
2.458489660378314555e+06 9.514397636387155188e-01 1.804718728473042599e-02
2.458489681211023126e+06 9.602859592734043215e-01 1.804718728473042599e-02
2.458489702043730300e+06 9.618297569763618604e-01 1.804718728473042599e-02
2.458489722876436543e+06 9.760034037870827239e-01 1.804718728473042599e-02
2.458489743709141854e+06 9.861188705905188367e-01 1.804718728473042599e-02
2.458489764541845769e+06 9.968174382717138737e-01 1.804718728473042599e-02
2.458489785374549218e+06 1.004325321128849646e+00 1.804718728473042599e-02
2.458489806207251269e+06 1.002969022327308890e+00 1.804718728473042599e-02
2.458489827039952856e+06 1.015320636436049861e+00 1.804718728473042599e-02
2.458489847872653045e+06 1.025578146098798271e+00 1.804718728473042599e-02
2.458489868705352768e+06 1.027313318105023354e+00 1.804718728473042599e-02
2.458489889538051095e+06 1.022814215535841953e+00 1.804718728473042599e-02
2.458489910370748956e+06 1.025602361972544063e+00 1.804718728473042599e-02
2.458489931203445885e+06 1.026689159078131963e+00 1.804718728473042599e-02
2.458489952036141418e+06 1.021511252200835385e+00 1.804718728473042599e-02
2.458489972868836951e+06 1.024706309459767484e+00 1.804718728473042599e-02
2.458489993701531086e+06 1.035687397693288547e+00 1.804718728473042599e-02
2.458490014534224756e+06 1.029859780728545893e+00 1.804718728473042599e-02
2.458490035366917495e+06 1.035128851066162925e+00 1.804718728473042599e-02
