2.458545515923037659e+06 9.993664969942324117e-01 5.032068466425121400e-04
2.458545536756998394e+06 1.000876539795389597e+00 5.032068466425121400e-04
2.458545557590958662e+06 1.000228647529972426e+00 5.032068466425121400e-04
2.458545578424918465e+06 1.000968103657120079e+00 5.032068466425121400e-04
2.458545599258877337e+06 9.986937647947831120e-01 5.032068466425121400e-04
2.458545620092836674e+06 9.990720256807360533e-01 5.032068466425121400e-04
2.458545640926794615e+06 9.988829726180188384e-01 5.032068466425121400e-04
2.458545661760752089e+06 1.000171227557021592e+00 5.032068466425121400e-04
2.458545682594710030e+06 9.992880201264422446e-01 5.032068466425121400e-04
2.458545703428666573e+06 9.998619765767334799e-01 5.032068466425121400e-04
2.458545724262622185e+06 1.000198790042945651e+00 5.032068466425121400e-04
2.458545745096577797e+06 9.992927229937530464e-01 5.032068466425121400e-04
2.458545765930533409e+06 9.994416870302290645e-01 5.032068466425121400e-04
2.458545786764487624e+06 9.998013500640383633e-01 5.032068466425121400e-04
2.458545807598441374e+06 1.000797160123443552e+00 5.032068466425121400e-04
2.458545828432395123e+06 9.991696583836874312e-01 5.032068466425121400e-04
2.458545849266347941e+06 1.000463223642835020e+00 5.032068466425121400e-04
2.458545870100299828e+06 1.000157103833449135e+00 5.032068466425121400e-04
2.458545890934251714e+06 9.994592210296309176e-01 5.032068466425121400e-04
2.458545911768203136e+06 9.990420546950248282e-01 5.032068466425121400e-04
2.458545932602153625e+06 1.000751228956100691e+00 5.032068466425121400e-04
2.458545953436103649e+06 1.001180571932772878e+00 5.032068466425121400e-04
2.458545974270053208e+06 9.994485126063955560e-01 5.032068466425121400e-04
2.458545995104002301e+06 1.000948968465847022e+00 5.032068466425121400e-04
2.458546015937950462e+06 1.000660719721816916e+00 5.032068466425121400e-04
2.458546036771897692e+06 1.000226084237580748e+00 5.032068466425121400e-04
2.458546057605845388e+06 9.996969402183433218e-01 5.032068466425121400e-04
2.458546078439791687e+06 1.001125466452108093e+00 5.032068466425121400e-04
2.458546099273737520e+06 9.996876228381232909e-01 5.032068466425121400e-04
2.458546120107683353e+06 1.001315928246490738e+00 5.032068466425121400e-04
2.458546140941627789e+06 1.000686803975403105e+00 5.032068466425121400e-04
2.458546161775571760e+06 1.000306628976139978e+00 5.032068466425121400e-04
2.458546182609515265e+06 1.001006166284821308e+00 5.032068466425121400e-04
2.458546203443458769e+06 1.001668142441471288e+00 5.032068466425121400e-04
2.458546224277400877e+06 1.000860181996109155e+00 5.032068466425121400e-04
2.458546245111342520e+06 9.999504565388761534e-01 5.032068466425121400e-04
2.458546265945284162e+06 1.000152767877119597e+00 5.032068466425121400e-04
2.458546286779224407e+06 1.000491713072620970e+00 5.032068466425121400e-04
2.458546307613164186e+06 9.995648979100860698e-01 5.032068466425121400e-04
2.458546328447101172e+06 1.000425769932938636e+00 5.032068466425121400e-04
2.458546349281040020e+06 9.998918579290654307e-01 5.032068466425121400e-04
2.458546370114977937e+06 1.000328786916202750e+00 5.032068466425121400e-04
2.458546411782852374e+06 9.995446827983678340e-01 5.032068466425121400e-04
2.458546432616788428e+06 1.000712338016573222e+00 5.032068466425121400e-04
2.458546453450723551e+06 9.993660647635052019e-01 5.032068466425121400e-04
2.458546474284658674e+06 9.995587019469205359e-01 5.032068466425121400e-04
2.458546495118593331e+06 9.993054754055685773e-01 5.032068466425121400e-04
2.458546515952526592e+06 9.998365548472512021e-01 5.032068466425121400e-04
2.458546536786459386e+06 1.000152607804267513e+00 5.032068466425121400e-04
2.458546557620392181e+06 9.995240404688062741e-01 5.032068466425121400e-04
2.458546578454323579e+06 1.000072156766600884e+00 5.032068466425121400e-04
2.458546599288254511e+06 1.000028473229003678e+00 5.032068466425121400e-04
2.458546620122184977e+06 9.998628598983371196e-01 5.032068466425121400e-04
2.458546640956114978e+06 9.993299455867661329e-01 5.032068466425121400e-04
2.458546661790044047e+06 1.000380332032914765e+00 5.032068466425121400e-04
2.458546682623972185e+06 9.989510620670095653e-01 5.032068466425121400e-04
2.458546703457900323e+06 9.999732185644532034e-01 5.032068466425121400e-04
2.458546724291827530e+06 1.000440615895672236e+00 5.032068466425121400e-04
2.458546745125753805e+06 9.997702219228632448e-01 5.032068466425121400e-04
2.458546765959679615e+06 1.000504193805554110e+00 5.032068466425121400e-04
2.458546786793604959e+06 9.996070506139040912e-01 5.032068466425121400e-04
2.458546807627529372e+06 1.001953031036173947e+00 5.032068466425121400e-04
2.458546828461452853e+06 9.997522620653009895e-01 5.032068466425121400e-04
2.458546849295376334e+06 1.000170151524524487e+00 5.032068466425121400e-04
2.458546870129298884e+06 9.984693110956635032e-01 5.032068466425121400e-04
2.458546890963220503e+06 9.991633141599629564e-01 5.032068466425121400e-04
2.458546911797141656e+06 1.000094618489996368e+00 5.032068466425121400e-04
2.458546932631062344e+06 9.994527820288616748e-01 5.032068466425121400e-04
2.458546953464982100e+06 9.997859383047572601e-01 5.032068466425121400e-04
2.458546974298900925e+06 9.989527958589489165e-01 5.032068466425121400e-04
2.458546995132819749e+06 1.000205636747141691e+00 5.032068466425121400e-04
2.458547015966737643e+06 1.000461582946967853e+00 5.032068466425121400e-04
2.458547036800654605e+06 9.994223005541594818e-01 5.032068466425121400e-04
2.458547057634570636e+06 1.000669486892038940e+00 5.032068466425121400e-04
2.458547078468487132e+06 1.000700169698863995e+00 5.032068466425121400e-04
2.458547099302401766e+06 9.997802212495032759e-01 5.032068466425121400e-04
2.458547120136315934e+06 1.000064890858160416e+00 5.032068466425121400e-04
2.458547140970230103e+06 9.991519875543842799e-01 5.032068466425121400e-04
2.458547161804142874e+06 1.000777979085308411e+00 5.032068466425121400e-04
2.458547182638055179e+06 1.001682940420156820e+00 5.032068466425121400e-04
2.458547203471966553e+06 9.998430114500157506e-01 5.032068466425121400e-04
2.458547224305877928e+06 1.000429066546138612e+00 5.032068466425121400e-04
2.458547245139787905e+06 1.000282365374259186e+00 5.032068466425121400e-04
2.458547265973697416e+06 1.000200231518754368e+00 5.032068466425121400e-04
2.458547286807606462e+06 1.000156795310452207e+00 5.032068466425121400e-04
2.458547307641514577e+06 9.992483125362000562e-01 5.032068466425121400e-04
2.458547328475421760e+06 9.983678221610317038e-01 5.032068466425121400e-04
2.458547349309328478e+06 1.000544907714473908e+00 5.032068466425121400e-04
2.458547370143234730e+06 9.977722500159689201e-01 5.032068466425121400e-04
2.458547390977140050e+06 9.983643007066197450e-01 5.032068466425121400e-04
2.458547411811044440e+06 9.997601786140277724e-01 5.032068466425121400e-04
2.458547432644948829e+06 9.986279779557378777e-01 5.032068466425121400e-04
2.458547453478851821e+06 9.906325852536183030e-01 5.032068466425121400e-04
2.458547474312754348e+06 9.871965534868790693e-01 5.032068466425121400e-04
2.458547495146656409e+06 9.853166321218288504e-01 5.032068466425121400e-04
2.458547515980557539e+06 9.883105489195963544e-01 5.032068466425121400e-04
2.458547536814457737e+06 9.979030020652897015e-01 5.032068466425121400e-04
2.458547557648357004e+06 9.999035850084057042e-01 5.032068466425121400e-04
2.458547578482256271e+06 1.000569509566867632e+00 5.032068466425121400e-04
2.458547599316154607e+06 1.002567599080992133e+00 5.032068466425121400e-04
2.458547620150052011e+06 1.000416139652804182e+00 5.032068466425121400e-04
2.458547640983948950e+06 9.988227117445211967e-01 5.032068466425121400e-04
2.458547661817844957e+06 1.000586751451223666e+00 5.032068466425121400e-04
2.458547682651740499e+06 9.999406270496683513e-01 5.032068466425121400e-04
2.458547703485634644e+06 1.000389593229624063e+00 5.032068466425121400e-04
2.458547724319529254e+06 9.994159624627045879e-01 5.032068466425121400e-04
2.458547745153422002e+06 1.000672292532347685e+00 5.032068466425121400e-04
2.458547765987314750e+06 9.999651576135181186e-01 5.032068466425121400e-04
2.458547786821206566e+06 9.986000854874172994e-01 5.032068466425121400e-04
2.458547807655097451e+06 9.995740187176264113e-01 5.032068466425121400e-04
2.458547828488987871e+06 9.994261385229278316e-01 5.032068466425121400e-04
2.458547849322877359e+06 9.993286524801937576e-01 5.032068466425121400e-04
2.458547870156766381e+06 1.001212288639480974e+00 5.032068466425121400e-04
2.458547890990654472e+06 9.998333949807687304e-01 5.032068466425121400e-04
2.458547911824541632e+06 1.000170921867053808e+00 5.032068466425121400e-04
2.458547932658428792e+06 1.000328643488685776e+00 5.032068466425121400e-04
2.458547953492314555e+06 1.000109732180886724e+00 5.032068466425121400e-04
2.458547974326199386e+06 9.985890132932658814e-01 5.032068466425121400e-04
2.458547995160083752e+06 9.996779517220297784e-01 5.032068466425121400e-04
2.458548015993967652e+06 1.000880713789772614e+00 5.032068466425121400e-04
2.458548036827850621e+06 1.000270699831174781e+00 5.032068466425121400e-04
2.458548057661732659e+06 1.000009485587687319e+00 5.032068466425121400e-04
2.458548078495614696e+06 1.000948132200688345e+00 5.032068466425121400e-04
2.458548099329495337e+06 1.000386639926707844e+00 5.032068466425121400e-04
2.458548120163375046e+06 9.993622464711333642e-01 5.032068466425121400e-04
2.458548140997254290e+06 9.999324379102499938e-01 5.032068466425121400e-04
2.458548161831133068e+06 9.997333375811767731e-01 5.032068466425121400e-04
2.458548182665010914e+06 1.000335783091463426e+00 5.032068466425121400e-04
2.458548203498887829e+06 1.001703923188776546e+00 5.032068466425121400e-04
2.458548224332764279e+06 1.000145884582246847e+00 5.032068466425121400e-04
2.458548245166639797e+06 1.001076535210074780e+00 5.032068466425121400e-04
2.458548266000514384e+06 9.991331076042840875e-01 5.032068466425121400e-04
2.458548286834388506e+06 9.997306987127093647e-01 5.032068466425121400e-04
2.458548307668262161e+06 1.000696494817420179e+00 5.032068466425121400e-04
2.458548328502134420e+06 1.000743946629639725e+00 5.032068466425121400e-04
2.458548349336006213e+06 1.000053173176570942e+00 5.032068466425121400e-04
2.458548370169877540e+06 1.000446632976493833e+00 5.032068466425121400e-04
2.458548391003747936e+06 9.991773420717570131e-01 5.032068466425121400e-04
2.458548411837617401e+06 9.999430138644394006e-01 5.032068466425121400e-04
2.458548432671485934e+06 1.000103868624275361e+00 5.032068466425121400e-04
2.458548453505354468e+06 1.000919810321276415e+00 5.032068466425121400e-04
2.458548474339221604e+06 1.000214457488467268e+00 5.032068466425121400e-04
2.458548495173087809e+06 1.000496697552422543e+00 5.032068466425121400e-04
2.458548516006954014e+06 9.996672886972218786e-01 5.032068466425121400e-04
2.458548536840818822e+06 9.998952158091629627e-01 5.032068466425121400e-04
2.458548557674683165e+06 9.992660917943222421e-01 5.032068466425121400e-04
2.458548578508546110e+06 1.000996084903696737e+00 5.032068466425121400e-04
2.458548599342409521e+06 1.000067885905195020e+00 5.032068466425121400e-04
2.458548620176271070e+06 1.000196159005795948e+00 5.032068466425121400e-04
2.458548641010132153e+06 9.999500710103033096e-01 5.032068466425121400e-04
2.458548661843992770e+06 1.001046310180701004e+00 5.032068466425121400e-04
2.458548682677852456e+06 9.994318276529375877e-01 5.032068466425121400e-04
2.458548703511711210e+06 1.000586221770839890e+00 5.032068466425121400e-04
2.458548724345569499e+06 1.000374952944280915e+00 5.032068466425121400e-04
2.458548745179426856e+06 9.997631644720718080e-01 5.032068466425121400e-04
2.458548766013283283e+06 1.001066979010601266e+00 5.032068466425121400e-04
2.458548786847139243e+06 1.000640839485949396e+00 5.032068466425121400e-04
2.458548807680994272e+06 9.999520491071610673e-01 5.032068466425121400e-04
2.458548828514848370e+06 9.998982830879192818e-01 5.032068466425121400e-04
2.458548849348702002e+06 9.989530658470207047e-01 5.032068466425121400e-04
2.458548870182554703e+06 1.000364009211143657e+00 5.032068466425121400e-04
2.458548891016406938e+06 9.995972479892935025e-01 5.032068466425121400e-04
2.458548911850257777e+06 1.000261351242122121e+00 5.032068466425121400e-04
2.458548932684108149e+06 1.000030175719806680e+00 5.032068466425121400e-04
2.458548953517958056e+06 1.000222815217033823e+00 5.032068466425121400e-04
2.458548974351806566e+06 9.987147501748923073e-01 5.032068466425121400e-04
2.458548995185654610e+06 1.000204206867279622e+00 5.032068466425121400e-04
2.458549016019501723e+06 9.996155819356200567e-01 5.032068466425121400e-04
2.458549036853348371e+06 9.988179442711693223e-01 5.032068466425121400e-04
2.458549057687194087e+06 9.994956576469226084e-01 5.032068466425121400e-04
2.458549078521038871e+06 9.998151730143889360e-01 5.032068466425121400e-04
2.458549099354883190e+06 9.985969711684785644e-01 5.032068466425121400e-04
2.458549120188726578e+06 1.000573994474195816e+00 5.032068466425121400e-04
2.458549141022569034e+06 1.000624125342616688e+00 5.032068466425121400e-04
2.458549161856410559e+06 9.990774443613231748e-01 5.032068466425121400e-04
2.458549182690252084e+06 9.991342209561880905e-01 5.032068466425121400e-04
2.458549203524091747e+06 9.999149295988448705e-01 5.032068466425121400e-04
2.458549224357931409e+06 9.992785777703646621e-01 5.032068466425121400e-04
2.458549245191770140e+06 1.000673344445894619e+00 5.032068466425121400e-04
2.458549266025607940e+06 1.000263315805830278e+00 5.032068466425121400e-04
2.458549286859444808e+06 1.000051538183581945e+00 5.032068466425121400e-04
2.458549307693280745e+06 9.998874789389325946e-01 5.032068466425121400e-04
2.458549328527116682e+06 9.997723376967988518e-01 5.032068466425121400e-04
2.458549349360951222e+06 9.994711389721893102e-01 5.032068466425121400e-04
2.458549370194784831e+06 9.993346010420199876e-01 5.032068466425121400e-04
2.458549391028617974e+06 9.994260342056560109e-01 5.032068466425121400e-04
2.458549411862445995e+06 1.001604562662478326e+00 5.032068466425121400e-04
2.458549432696277276e+06 1.000490899569507874e+00 5.032068466425121400e-04
2.458549453530108090e+06 1.001062156898045785e+00 5.032068466425121400e-04
2.458549474363937974e+06 1.000154394638072874e+00 5.032068466425121400e-04
2.458549495197766926e+06 1.001246865163680777e+00 5.032068466425121400e-04
2.458549536865422968e+06 1.000341823885564141e+00 5.032068466425121400e-04
2.458549557699249126e+06 1.000444159280673206e+00 5.032068466425121400e-04
2.458549578533074819e+06 1.000084306396848755e+00 5.032068466425121400e-04
2.458549599366899580e+06 1.000530499309324473e+00 5.032068466425121400e-04
2.458549620200724341e+06 9.986736610889007659e-01 5.032068466425121400e-04
2.458549641034547240e+06 9.997521686376141803e-01 5.032068466425121400e-04
2.458549661868369672e+06 9.989117814831782738e-01 5.032068466425121400e-04
2.458549682702192105e+06 1.000155063830954205e+00 5.032068466425121400e-04
2.458549703536012676e+06 1.001669221056182835e+00 5.032068466425121400e-04
2.458549724369832780e+06 9.998352783003346955e-01 5.032068466425121400e-04
2.458549745203651953e+06 1.000022445975233598e+00 5.032068466425121400e-04
2.458549766037470661e+06 9.989860031047574918e-01 5.032068466425121400e-04
2.458549786871287972e+06 9.988011818858273383e-01 5.032068466425121400e-04
2.458549807705104817e+06 1.000092520494606729e+00 5.032068466425121400e-04
2.458549828538921196e+06 9.997411850234418917e-01 5.032068466425121400e-04
2.458549849372736178e+06 9.994733869615466393e-01 5.032068466425121400e-04
2.458549870206550229e+06 1.000035105886017073e+00 5.032068466425121400e-04
2.458549891040363815e+06 1.000519734292056206e+00 5.032068466425121400e-04
2.458549911874176934e+06 1.000925604182925088e+00 5.032068466425121400e-04
2.458549932707988657e+06 1.001337440968819825e+00 5.032068466425121400e-04
2.458549953541799448e+06 9.999379230415730291e-01 5.032068466425121400e-04
2.458549974375610240e+06 1.000498143925136807e+00 5.032068466425121400e-04
2.458549995209419634e+06 1.000260364499234722e+00 5.032068466425121400e-04
2.458550016043228097e+06 1.000112729848982029e+00 5.032068466425121400e-04
2.458550036877035629e+06 1.001023001603443596e+00 5.032068466425121400e-04
2.458550057710842695e+06 9.997677247238767606e-01 5.032068466425121400e-04
2.458550078544648830e+06 1.000744517514954746e+00 5.032068466425121400e-04
2.458550099378453568e+06 9.995970422268553035e-01 5.032068466425121400e-04
2.458550120212258305e+06 1.000845593493803198e+00 5.032068466425121400e-04
2.458550141046062112e+06 9.992970580871461950e-01 5.032068466425121400e-04
2.458550161879864521e+06 1.000364363304357518e+00 5.032068466425121400e-04
2.458550182713666465e+06 9.992021447713783644e-01 5.032068466425121400e-04
2.458550203547467943e+06 1.000331395728024209e+00 5.032068466425121400e-04
2.458550224381268024e+06 9.991193069788718573e-01 5.032068466425121400e-04
2.458550245215067174e+06 9.988399660996815088e-01 5.032068466425121400e-04
2.458550266048865858e+06 1.000187220003700750e+00 5.032068466425121400e-04
2.458550286882663611e+06 9.989099066502337143e-01 5.032068466425121400e-04
2.458550307716459967e+06 9.999422691699999532e-01 5.032068466425121400e-04
2.458550328550255857e+06 9.995708252830779461e-01 5.032068466425121400e-04
2.458550349384051282e+06 1.001191454839452488e+00 5.032068466425121400e-04
2.458550370217845775e+06 1.000339749123451361e+00 5.032068466425121400e-04
2.458550391051638871e+06 1.000186140293066739e+00 5.032068466425121400e-04
2.458550411885431968e+06 9.999709199818074268e-01 5.032068466425121400e-04
2.458550432719223201e+06 1.000507753242875886e+00 5.032068466425121400e-04
2.458550453553013969e+06 1.000271651405055806e+00 5.032068466425121400e-04
2.458550474386804271e+06 1.000384056355523965e+00 5.032068466425121400e-04
2.458550495220593642e+06 9.997635157334530120e-01 5.032068466425121400e-04
2.458550516054381616e+06 1.001395122453799136e+00 5.032068466425121400e-04
2.458550536888169125e+06 1.000059920517008427e+00 5.032068466425121400e-04
2.458550557721955702e+06 9.989986719474212018e-01 5.032068466425121400e-04
2.458550578555741347e+06 1.001973291351493378e+00 5.032068466425121400e-04
2.458550599389526062e+06 1.001071970723140581e+00 5.032068466425121400e-04
2.458550620223309845e+06 1.000400436383732439e+00 5.032068466425121400e-04
2.458550641057093628e+06 1.000862396951551769e+00 5.032068466425121400e-04
2.458550661890875548e+06 1.000354404681709442e+00 5.032068466425121400e-04
2.458550682724657003e+06 9.991685978659090583e-01 5.032068466425121400e-04
2.458550703558437526e+06 9.989069998603893330e-01 5.032068466425121400e-04
2.458550724392217118e+06 9.987577747959220931e-01 5.032068466425121400e-04
2.458550745225995779e+06 9.993038493580777004e-01 5.032068466425121400e-04
2.458550766059773508e+06 9.996032050924619217e-01 5.032068466425121400e-04
2.458550786893550772e+06 9.991174841914340909e-01 5.032068466425121400e-04
2.458550807727327105e+06 1.000074518916280297e+00 5.032068466425121400e-04
2.458550828561102040e+06 1.000106739499047714e+00 5.032068466425121400e-04
2.458550849394876976e+06 9.950200750091097168e-01 5.032068466425121400e-04
2.458550870228650048e+06 9.874343348641391183e-01 5.032068466425121400e-04
2.458550891062422656e+06 9.859806820680716566e-01 5.032068466425121400e-04
2.458550911896194331e+06 9.870163727168896894e-01 5.032068466425121400e-04
2.458550932729965542e+06 9.914304683657163553e-01 5.032068466425121400e-04
2.458550953563735355e+06 9.994714253335178489e-01 5.032068466425121400e-04
2.458550974397504237e+06 1.000038613744347327e+00 5.032068466425121400e-04
2.458550995231272653e+06 9.986616018406122564e-01 5.032068466425121400e-04
2.458551016065039672e+06 9.994071776770493409e-01 5.032068466425121400e-04
2.458551036898805760e+06 9.998856453583949699e-01 5.032068466425121400e-04
2.458551057732571382e+06 9.997963055730192394e-01 5.032068466425121400e-04
2.458551078566336073e+06 9.999119509401617201e-01 5.032068466425121400e-04
2.458551099400099833e+06 1.000577918916929487e+00 5.032068466425121400e-04
2.458551120233862195e+06 9.998700842844614467e-01 5.032068466425121400e-04
2.458551141067624558e+06 9.989099056509477270e-01 5.032068466425121400e-04
2.458551161901385523e+06 9.997170455083184137e-01 5.032068466425121400e-04
2.458551182735145558e+06 9.984047098495062444e-01 5.032068466425121400e-04
2.458551203568904195e+06 1.000794876188816573e+00 5.032068466425121400e-04
2.458551224402662832e+06 9.999031921387496746e-01 5.032068466425121400e-04
2.458551245236420073e+06 9.996489762033634596e-01 5.032068466425121400e-04
2.458551266070176382e+06 9.993967703453363605e-01 5.032068466425121400e-04
2.458551286903932225e+06 1.001030240325377241e+00 5.032068466425121400e-04
2.458551307737686671e+06 1.000206363373769447e+00 5.032068466425121400e-04
2.458551328571440186e+06 1.000175035677904667e+00 5.032068466425121400e-04
2.458551349405192770e+06 1.001472449986350099e+00 5.032068466425121400e-04
2.458551370238944888e+06 9.988753086425354866e-01 5.032068466425121400e-04
2.458551391072696075e+06 1.000987823286878742e+00 5.032068466425121400e-04
2.458551411906445865e+06 9.991852421297477971e-01 5.032068466425121400e-04
2.458551432740195189e+06 1.000345246203571792e+00 5.032068466425121400e-04
2.458551453573943116e+06 1.000027631734332179e+00 5.032068466425121400e-04
2.458551474407690112e+06 9.996175436996660446e-01 5.032068466425121400e-04
2.458551495241436176e+06 9.996161170757609238e-01 5.032068466425121400e-04
2.458551516075181775e+06 1.000814214113441958e+00 5.032068466425121400e-04
2.458551536908925977e+06 1.000433528895362301e+00 5.032068466425121400e-04
2.458551557742669247e+06 1.000356389630811194e+00 5.032068466425121400e-04
2.458551578576412052e+06 9.997751606964949689e-01 5.032068466425121400e-04
2.458551599410153925e+06 9.999683559802829969e-01 5.032068466425121400e-04
2.458551620243894402e+06 1.000706788464976293e+00 5.032068466425121400e-04
2.458551641077633481e+06 1.000932820384346389e+00 5.032068466425121400e-04
2.458551661911372561e+06 1.001124017630578455e+00 5.032068466425121400e-04
2.458551682745110244e+06 9.995907148497298333e-01 5.032068466425121400e-04
2.458551703578846995e+06 9.995850500303282704e-01 5.032068466425121400e-04
2.458551724412583280e+06 1.000498845050785679e+00 5.032068466425121400e-04
2.458551745246318169e+06 1.000138880956141119e+00 5.032068466425121400e-04
2.458551766080051661e+06 9.987432417346043811e-01 5.032068466425121400e-04
2.458551786913784686e+06 1.000549439986189393e+00 5.032068466425121400e-04
2.458551807747516781e+06 9.988956771883085173e-01 5.032068466425121400e-04
2.458551828581247944e+06 1.000277991263056609e+00 5.032068466425121400e-04
2.458551849414977711e+06 1.000552790563383754e+00 5.032068466425121400e-04
2.458551870248707011e+06 1.000738525334092355e+00 5.032068466425121400e-04
2.458551891082434915e+06 9.990792700948439853e-01 5.032068466425121400e-04
2.458551911916161887e+06 9.991849864118136360e-01 5.032068466425121400e-04
2.458551932749887928e+06 9.998430445941340894e-01 5.032068466425121400e-04
2.458551953583613504e+06 9.993128271137525775e-01 5.032068466425121400e-04
2.458551974417337682e+06 1.001575145854463056e+00 5.032068466425121400e-04
2.458551995251060463e+06 1.000598175018106772e+00 5.032068466425121400e-04
2.458552016084783245e+06 1.000222806449041046e+00 5.032068466425121400e-04
2.458552036918504164e+06 1.000233244399286514e+00 5.032068466425121400e-04
2.458552057752224151e+06 9.991876999221239730e-01 5.032068466425121400e-04
2.458552078585943673e+06 9.993637582211076786e-01 5.032068466425121400e-04
2.458552099419661798e+06 1.001163784676694091e+00 5.032068466425121400e-04
2.458552120253378991e+06 1.000123663267716845e+00 5.032068466425121400e-04
2.458552141087095253e+06 1.001202934988789872e+00 5.032068466425121400e-04
2.458552161920810584e+06 1.000211869161109046e+00 5.032068466425121400e-04
2.458552182754524518e+06 1.000960812228297359e+00 5.032068466425121400e-04
2.458552203588237520e+06 9.990331672463694801e-01 5.032068466425121400e-04
2.458552224421949591e+06 1.000014025994081512e+00 5.032068466425121400e-04
2.458552245255661197e+06 9.989116441189443973e-01 5.032068466425121400e-04
2.458552266089370940e+06 9.997439467822542003e-01 5.032068466425121400e-04
2.458552286923080217e+06 1.000733415000508941e+00 5.032068466425121400e-04
2.458552307756788563e+06 9.996514598063641621e-01 5.032068466425121400e-04
2.458552328590495046e+06 1.000215113273903889e+00 5.032068466425121400e-04
2.458552349424201064e+06 1.000757647889384039e+00 5.032068466425121400e-04
2.458552370257905684e+06 1.000280643154759286e+00 5.032068466425121400e-04
2.458552391091609839e+06 9.991981730450945065e-01 5.032068466425121400e-04
2.458552411925312597e+06 1.000325743416733859e+00 5.032068466425121400e-04
2.458552432759014424e+06 9.995298777768119036e-01 5.032068466425121400e-04
2.458552453592714854e+06 1.000549019796126426e+00 5.032068466425121400e-04
2.458552474426414818e+06 1.000194082902322146e+00 5.032068466425121400e-04
2.458552495260106865e+06 1.001461607285079713e+00 5.032068466425121400e-04
2.458552516093804501e+06 9.998075820764381616e-01 5.032068466425121400e-04
2.458552536927501205e+06 9.993144440026902053e-01 5.032068466425121400e-04
2.458552557761196513e+06 9.984501493055311094e-01 5.032068466425121400e-04
2.458552578594890423e+06 9.988372237312418411e-01 5.032068466425121400e-04
2.458552599428583868e+06 1.000162593768660457e+00 5.032068466425121400e-04
2.458552620262276381e+06 9.989854814230900715e-01 5.032068466425121400e-04
2.458552661929656751e+06 1.000181495553307487e+00 5.032068466425121400e-04
2.458552682763346005e+06 1.000027465871375920e+00 5.032068466425121400e-04
2.458552703597033862e+06 1.000387232544944105e+00 5.032068466425121400e-04
2.458552724430720322e+06 9.998457280532313529e-01 5.032068466425121400e-04
2.458552745264405850e+06 1.000053688402165131e+00 5.032068466425121400e-04
2.458552766098090447e+06 1.000106590309609356e+00 5.032068466425121400e-04
2.458552786931773648e+06 1.000244632470109529e+00 5.032068466425121400e-04
2.458552807765455917e+06 9.993859372331151958e-01 5.032068466425121400e-04
2.458552828599137254e+06 1.001041881743094830e+00 5.032068466425121400e-04
2.458552849432816729e+06 1.000811926383421646e+00 5.032068466425121400e-04
2.458552870266495738e+06 9.993023669875744641e-01 5.032068466425121400e-04
2.458552891100172885e+06 9.990497541268520409e-01 5.032068466425121400e-04
2.458552911933850031e+06 1.000835262719839358e+00 5.032068466425121400e-04
2.458552932767525315e+06 9.997880327418967594e-01 5.032068466425121400e-04
2.458552953601199202e+06 1.000528324476758213e+00 5.032068466425121400e-04
2.458552974434872624e+06 1.000086090067564992e+00 5.032068466425121400e-04
2.458552995268544182e+06 1.000223183247623382e+00 5.032068466425121400e-04
2.458553016102214810e+06 1.001157175485186457e+00 5.032068466425121400e-04
2.458553036935884506e+06 9.998551483677071694e-01 5.032068466425121400e-04
2.458553057769553270e+06 9.994387577049055338e-01 5.032068466425121400e-04
2.458553078603220172e+06 1.000381661311821269e+00 5.032068466425121400e-04
2.458553099436886143e+06 1.000747806590495115e+00 5.032068466425121400e-04
2.458553120270551182e+06 1.000257275756535780e+00 5.032068466425121400e-04
2.458553141104214359e+06 1.000410329940446319e+00 5.032068466425121400e-04
2.458553161937876604e+06 9.998870805373839543e-01 5.032068466425121400e-04
2.458553182771537919e+06 9.996984589536501709e-01 5.032068466425121400e-04
2.458553203605197836e+06 1.001773280038000147e+00 5.032068466425121400e-04
2.458553224438856356e+06 9.983956846628593285e-01 5.032068466425121400e-04
2.458553245272513945e+06 1.000024709044621041e+00 5.032068466425121400e-04
2.458553266106170136e+06 1.000529912670282240e+00 5.032068466425121400e-04
2.458553286939825397e+06 9.997941519352595563e-01 5.032068466425121400e-04
2.458553307773478795e+06 9.996370858956477035e-01 5.032068466425121400e-04
2.458553328607131261e+06 1.000473257765219337e+00 5.032068466425121400e-04
2.458553349440782797e+06 1.000050751702288743e+00 5.032068466425121400e-04
2.458553370274432469e+06 9.998415063948553616e-01 5.032068466425121400e-04
2.458553391108080745e+06 1.000251627251116826e+00 5.032068466425121400e-04
2.458553411941728555e+06 1.000118202178171378e+00 5.032068466425121400e-04
2.458553432775374502e+06 1.000176092994965460e+00 5.032068466425121400e-04
2.458553453609019052e+06 9.991783536167131441e-01 5.032068466425121400e-04
2.458553474442662206e+06 1.000895802158591197e+00 5.032068466425121400e-04
2.458553495276304893e+06 9.997771513371563890e-01 5.032068466425121400e-04
2.458553516109945253e+06 9.976093894981055143e-01 5.032068466425121400e-04
2.458553536943584681e+06 9.995369248852323807e-01 5.032068466425121400e-04
2.458553557777223177e+06 9.997843199025187033e-01 5.032068466425121400e-04
2.458553578610859346e+06 1.000550325461758039e+00 5.032068466425121400e-04
2.458553599444494583e+06 1.000594733086594745e+00 5.032068466425121400e-04
2.458553620278128423e+06 9.994784448200179083e-01 5.032068466425121400e-04
2.458553641111761332e+06 1.000488461020483832e+00 5.032068466425121400e-04
2.458553661945392843e+06 9.998930243878210167e-01 5.032068466425121400e-04
2.458553682779022492e+06 1.000203349502806427e+00 5.032068466425121400e-04
2.458553703612651210e+06 1.000134141511236363e+00 5.032068466425121400e-04
2.458553724446278065e+06 1.000004310310467437e+00 5.032068466425121400e-04
2.458553745279903058e+06 9.996639391907091721e-01 5.032068466425121400e-04
2.458553766113527119e+06 1.000509287918645462e+00 5.032068466425121400e-04
2.458553786947150249e+06 9.994874248704455066e-01 5.032068466425121400e-04
2.458553807780771051e+06 9.994700538137540891e-01 5.032068466425121400e-04
2.458553828614390921e+06 9.985647440836938893e-01 5.032068466425121400e-04
2.458553849448009394e+06 1.000288904565910464e+00 5.032068466425121400e-04
2.458553870281626005e+06 9.996658166275667057e-01 5.032068466425121400e-04
2.458553891115241218e+06 9.998618075541474415e-01 5.032068466425121400e-04
2.458553911948854569e+06 9.989512092377572650e-01 5.032068466425121400e-04
2.458553932782466989e+06 1.000095513303437711e+00 5.032068466425121400e-04
2.458553953616077546e+06 9.998412195928222390e-01 5.032068466425121400e-04
2.458553974449686706e+06 9.989706538765191768e-01 5.032068466425121400e-04
2.458553995283294469e+06 1.000160250329985123e+00 5.032068466425121400e-04
2.458554016116900370e+06 1.001346661028394980e+00 5.032068466425121400e-04
2.458554036950504407e+06 1.000189574118653280e+00 5.032068466425121400e-04
2.458554057784107048e+06 1.000216585111985745e+00 5.032068466425121400e-04
2.458554078617708292e+06 1.000680226031239295e+00 5.032068466425121400e-04
2.458554099451307673e+06 9.994711537784081168e-01 5.032068466425121400e-04
2.458554120284905192e+06 1.000261786741460934e+00 5.032068466425121400e-04
2.458554141118501779e+06 9.998302894644702787e-01 5.032068466425121400e-04
2.458554161952096038e+06 1.000915414485442412e+00 5.032068466425121400e-04
2.458554182785688434e+06 1.000485183716171456e+00 5.032068466425121400e-04
2.458554203619279433e+06 9.996623356329060739e-01 5.032068466425121400e-04
2.458554224452869035e+06 1.000301003830430302e+00 5.032068466425121400e-04
2.458554245286456309e+06 9.996325096752136652e-01 5.032068466425121400e-04
2.458554266120042186e+06 9.898800156413395390e-01 5.032068466425121400e-04
2.458554286953626201e+06 9.857615139869672083e-01 5.032068466425121400e-04
2.458554307787208352e+06 9.871418373573899174e-01 5.032068466425121400e-04
2.458554328620788176e+06 9.887269545821055772e-01 5.032068466425121400e-04
2.458554349454366602e+06 9.975577116593664639e-01 5.032068466425121400e-04
2.458554370287943631e+06 1.000178596071024772e+00 5.032068466425121400e-04
2.458554391121518333e+06 1.000343319045688295e+00 5.032068466425121400e-04
2.458554411955090705e+06 9.986807560770931680e-01 5.032068466425121400e-04
2.458554432788662147e+06 1.000193851766787656e+00 5.032068466425121400e-04
2.458554453622230794e+06 1.000646848029512093e+00 5.032068466425121400e-04
2.458554474455797579e+06 9.997473984596482177e-01 5.032068466425121400e-04
2.458554495289362501e+06 1.000500265286883517e+00 5.032068466425121400e-04
2.458554516122925561e+06 1.000542535678873080e+00 5.032068466425121400e-04
2.458554536956486292e+06 9.997236737168437859e-01 5.032068466425121400e-04
2.458554557790045161e+06 1.000482954217984721e+00 5.032068466425121400e-04
2.458554578623602167e+06 9.993341653536375047e-01 5.032068466425121400e-04
2.458554599457156379e+06 1.000402335348076432e+00 5.032068466425121400e-04
2.458554620290708728e+06 1.000237196650157978e+00 5.032068466425121400e-04
2.458554641124258749e+06 9.992704439142352513e-01 5.032068466425121400e-04
2.458554661957807373e+06 9.994622738308257537e-01 5.032068466425121400e-04
2.458554682791352738e+06 9.997949423393034385e-01 5.032068466425121400e-04
2.458554703624896239e+06 9.998442444150213992e-01 5.032068466425121400e-04
2.458554724458437879e+06 1.000320471501821462e+00 5.032068466425121400e-04
2.458554745291976724e+06 9.992059278143530232e-01 5.032068466425121400e-04
2.458554766125513241e+06 9.989545449247457798e-01 5.032068466425121400e-04
2.458554786959046964e+06 1.000275209259213538e+00 5.032068466425121400e-04
2.458554807792579290e+06 9.990016526801877017e-01 5.032068466425121400e-04
2.458554828626108356e+06 1.000405611397535699e+00 5.032068466425121400e-04
2.458554849459635094e+06 1.000127415813123921e+00 5.032068466425121400e-04
2.458554870293159969e+06 1.000173098565259489e+00 5.032068466425121400e-04
2.458554891126681585e+06 9.991977699447807115e-01 5.032068466425121400e-04
2.458554911960200407e+06 1.000765114433052050e+00 5.032068466425121400e-04
2.458554932793716900e+06 1.000299934892641351e+00 5.032068466425121400e-04
2.458554953627231065e+06 9.997181529647418685e-01 5.032068466425121400e-04
2.458554974460742436e+06 9.995641651374965742e-01 5.032068466425121400e-04
2.458554995294250548e+06 9.997585296413872280e-01 5.032068466425121400e-04
2.458555016127756797e+06 1.000218156989956197e+00 5.032068466425121400e-04
2.458555036961259320e+06 1.001026018591552047e+00 5.032068466425121400e-04
2.458555057794759516e+06 9.992740795783513486e-01 5.032068466425121400e-04
2.458555078628256451e+06 1.000050741660296394e+00 5.032068466425121400e-04
2.458555099461751059e+06 1.000300333895057348e+00 5.032068466425121400e-04
2.458555120295242406e+06 1.000591676472884606e+00 5.032068466425121400e-04
2.458555141128730495e+06 1.000701240709767070e+00 5.032068466425121400e-04
2.458555161962216254e+06 1.000335252492334570e+00 5.032068466425121400e-04
2.458555182795698289e+06 1.000190727670207336e+00 5.032068466425121400e-04
2.458555203629177529e+06 9.998402924493227095e-01 5.032068466425121400e-04
2.458555224462653510e+06 1.000328071765865356e+00 5.032068466425121400e-04
2.458555245296126697e+06 1.001355028919578727e+00 5.032068466425121400e-04
2.458555266129596159e+06 1.000112541188340254e+00 5.032068466425121400e-04
2.458555286963062827e+06 1.000614334100155656e+00 5.032068466425121400e-04
2.458555307796526700e+06 1.000601938762699650e+00 5.032068466425121400e-04
2.458555328629986849e+06 9.995367703469958398e-01 5.032068466425121400e-04
2.458555349463443272e+06 9.999154988354127527e-01 5.032068466425121400e-04
2.458555370296896901e+06 1.000422195430432870e+00 5.032068466425121400e-04
2.458555391130347736e+06 9.985892048812621269e-01 5.032068466425121400e-04
2.458555411963795312e+06 9.991525189425735087e-01 5.032068466425121400e-04
2.458555432797239162e+06 1.000474282642139112e+00 5.032068466425121400e-04
2.458555453630680218e+06 1.001303343245009581e+00 5.032068466425121400e-04
2.458555474464118015e+06 9.990599958457014873e-01 5.032068466425121400e-04
2.458555495297552552e+06 9.992764681112564773e-01 5.032068466425121400e-04
2.458555516130984295e+06 9.991890827835189226e-01 5.032068466425121400e-04
2.458555536964413710e+06 1.000155933419118792e+00 5.032068466425121400e-04
2.458558016150610056e+06 9.991414202272103084e-01 5.032068466425121400e-04
2.458558036984156352e+06 1.001011285348961222e+00 5.032068466425121400e-04
2.458558057817702182e+06 1.001134588290683025e+00 5.032068466425121400e-04
2.458558078651247546e+06 9.992570725713777469e-01 5.032068466425121400e-04
2.458558099484793376e+06 1.000471077500547867e+00 5.032068466425121400e-04
2.458558120318337809e+06 9.996515111125290343e-01 5.032068466425121400e-04
2.458558141151882708e+06 1.000486691636909509e+00 5.032068466425121400e-04
2.458558161985426676e+06 1.000631315970176516e+00 5.032068466425121400e-04
2.458558182818971109e+06 1.000356417709571621e+00 5.032068466425121400e-04
2.458558203652514610e+06 9.992631514955799821e-01 5.032068466425121400e-04
2.458558224486057647e+06 9.996774431895217861e-01 5.032068466425121400e-04
2.458558245319601148e+06 9.997612557480307638e-01 5.032068466425121400e-04
2.458558266153143719e+06 9.996003010019590684e-01 5.032068466425121400e-04
2.458558286986685824e+06 9.996668352010078529e-01 5.032068466425121400e-04
2.458558307820227463e+06 9.987427689064503067e-01 5.032068466425121400e-04
2.458558328653769102e+06 9.995487840495075327e-01 5.032068466425121400e-04
2.458558349487310275e+06 1.000579936140159276e+00 5.032068466425121400e-04
2.458558370320850518e+06 9.991958077065726807e-01 5.032068466425121400e-04
2.458558391154391225e+06 9.994851329037636178e-01 5.032068466425121400e-04
2.458558411987931002e+06 1.000431090767203823e+00 5.032068466425121400e-04
2.458558432821470313e+06 1.000242490137903228e+00 5.032068466425121400e-04
2.458558453655009158e+06 1.000933330133306542e+00 5.032068466425121400e-04
2.458558474488548003e+06 1.000177449280069020e+00 5.032068466425121400e-04
2.458558495322086383e+06 1.000960298704839824e+00 5.032068466425121400e-04
2.458558516155623831e+06 1.000121772752766702e+00 5.032068466425121400e-04
2.458558536989161279e+06 1.001689958996782703e+00 5.032068466425121400e-04
2.458558557822698262e+06 1.001469326128381798e+00 5.032068466425121400e-04
2.458559099494480994e+06 9.998645995144597176e-01 5.032068466425121400e-04
2.458559120328004006e+06 9.998813273062556739e-01 5.032068466425121400e-04
2.458559141161526553e+06 9.993472090046807699e-01 5.032068466425121400e-04
2.458559161995048169e+06 9.992750112458756995e-01 5.032068466425121400e-04
2.458559182828569319e+06 1.000507845813253027e+00 5.032068466425121400e-04
2.458559203662090003e+06 1.000646856109604022e+00 5.032068466425121400e-04
2.458559224495609757e+06 9.996911379602723136e-01 5.032068466425121400e-04
2.458559245329129044e+06 9.999818060280426524e-01 5.032068466425121400e-04
2.458559266162647866e+06 9.996901507419139188e-01 5.032068466425121400e-04
2.458559286996166222e+06 1.000469217659037069e+00 5.032068466425121400e-04
2.458559307829684112e+06 1.000100274140235168e+00 5.032068466425121400e-04
2.458559328663200606e+06 1.000295696027556858e+00 5.032068466425121400e-04
2.458559349496717565e+06 9.987293388293497776e-01 5.032068466425121400e-04
2.458559370330233127e+06 9.990628159733190294e-01 5.032068466425121400e-04
2.458559391163748223e+06 1.001185822677274295e+00 5.032068466425121400e-04
2.458559411997262854e+06 9.996730061460383787e-01 5.032068466425121400e-04
2.458559432830777019e+06 9.999101343596356051e-01 5.032068466425121400e-04
2.458559453664290719e+06 9.996479245940721459e-01 5.032068466425121400e-04
2.458559474497803021e+06 9.993815391642679735e-01 5.032068466425121400e-04
2.458559495331315789e+06 9.981062635437241148e-01 5.032068466425121400e-04
2.458559516164827161e+06 9.985154276750892732e-01 5.032068466425121400e-04
2.458559536998338066e+06 9.996706963123169754e-01 5.032068466425121400e-04
2.458559557831848040e+06 1.000162564070881999e+00 5.032068466425121400e-04
2.458559578665358014e+06 1.000016203539198401e+00 5.032068466425121400e-04
2.458559599498867057e+06 9.999196681181343749e-01 5.032068466425121400e-04
2.458559620332375169e+06 1.000452677264447088e+00 5.032068466425121400e-04
2.458559641165883280e+06 1.000740043459124484e+00 5.032068466425121400e-04
2.458559661999390461e+06 9.993630222640885741e-01 5.032068466425121400e-04
2.458559682832893450e+06 9.994939513894648409e-01 5.032068466425121400e-04
2.458559703666399233e+06 1.000022260174326272e+00 5.032068466425121400e-04
2.458559724499904551e+06 9.995575614466566394e-01 5.032068466425121400e-04
2.458559745333408937e+06 1.000339287798419408e+00 5.032068466425121400e-04
2.458559766166912857e+06 9.986979763513534891e-01 5.032068466425121400e-04
2.458559787000416312e+06 9.991561139382224566e-01 5.032068466425121400e-04
2.458559807833918836e+06 1.000704696532816795e+00 5.032068466425121400e-04
2.458559828667420894e+06 9.997452637412304055e-01 5.032068466425121400e-04
2.458559849500922021e+06 1.001015345072050478e+00 5.032068466425121400e-04
2.458559870334423147e+06 1.001583426809914190e+00 5.032068466425121400e-04
2.458559891167922877e+06 9.993958947736519827e-01 5.032068466425121400e-04
2.458559932834920939e+06 1.001100007134139602e+00 5.032068466425121400e-04
2.458559953668418806e+06 9.999858060545474547e-01 5.032068466425121400e-04
2.458559974501916207e+06 1.000039891978723228e+00 5.032068466425121400e-04
2.458559995335412677e+06 1.000126561490005450e+00 5.032068466425121400e-04
2.458560016168909147e+06 1.000123253805032197e+00 5.032068466425121400e-04
2.458560037002404220e+06 1.000195825088897816e+00 5.032068466425121400e-04
2.458560057835898828e+06 1.000756943272097743e+00 5.032068466425121400e-04
2.458560078669393435e+06 9.999554073519874020e-01 5.032068466425121400e-04
2.458560099502886645e+06 9.996878665399959729e-01 5.032068466425121400e-04
2.458560120336378925e+06 1.001247216089441894e+00 5.032068466425121400e-04
2.458560141169870738e+06 1.001003079725980349e+00 5.032068466425121400e-04
2.458560162003362551e+06 9.994416251057730571e-01 5.032068466425121400e-04
2.458560182836852968e+06 1.000079945205956777e+00 5.032068466425121400e-04
2.458560203670342918e+06 1.000658972759347343e+00 5.032068466425121400e-04
2.458560224503832404e+06 1.000455128613496836e+00 5.032068466425121400e-04
2.458560245337320492e+06 9.998693735342428779e-01 5.032068466425121400e-04
2.458560266170808580e+06 9.993236228189166237e-01 5.032068466425121400e-04
2.458560287004295271e+06 1.000109813888501398e+00 5.032068466425121400e-04
2.458560307837782428e+06 9.991484981500418083e-01 5.032068466425121400e-04
2.458560328671268187e+06 1.000745324887619914e+00 5.032068466425121400e-04
2.458560349504753016e+06 9.997415852213010767e-01 5.032068466425121400e-04
2.458560370338237379e+06 9.992918902998423336e-01 5.032068466425121400e-04
2.458560391171721276e+06 9.998905666115355251e-01 5.032068466425121400e-04
2.458560412005204242e+06 9.999955072201652806e-01 5.032068466425121400e-04
2.458560432838686276e+06 9.988731518369456941e-01 5.032068466425121400e-04
2.458560453672168311e+06 9.988424982106858252e-01 5.032068466425121400e-04
2.458560474505648948e+06 1.001246020218883759e+00 5.032068466425121400e-04
2.458560495339129120e+06 1.000333932350165433e+00 5.032068466425121400e-04
2.458560516172608361e+06 1.001123024517096338e+00 5.032068466425121400e-04
2.458560537006087601e+06 1.000325539183741341e+00 5.032068466425121400e-04
2.458560557839565445e+06 1.000131968866909693e+00 5.032068466425121400e-04
2.458560578673042823e+06 1.000702380203218445e+00 5.032068466425121400e-04
2.458560599506519735e+06 9.986306630201697843e-01 5.032068466425121400e-04
2.458560620339995716e+06 1.000787609841740755e+00 5.032068466425121400e-04
2.458560641173470765e+06 1.000503962284520876e+00 5.032068466425121400e-04
2.458560662006945349e+06 9.987904726026236579e-01 5.032068466425121400e-04
2.458560682840419468e+06 9.995120874819897194e-01 5.032068466425121400e-04
2.458560703673892189e+06 9.991892323321843739e-01 5.032068466425121400e-04
2.458560724507364444e+06 9.998288048002761386e-01 5.032068466425121400e-04
2.458560745340836700e+06 1.001361703286125060e+00 5.032068466425121400e-04
2.458560766174307093e+06 9.999933305533460492e-01 5.032068466425121400e-04
2.458560787007777486e+06 9.990056476609008307e-01 5.032068466425121400e-04
2.458560807841246948e+06 1.000036877737620289e+00 5.032068466425121400e-04
2.458560828674715944e+06 9.999866135533937994e-01 5.032068466425121400e-04
2.458560849508183543e+06 1.001557647457849587e+00 5.032068466425121400e-04
2.458560870341651142e+06 9.992801064230449892e-01 5.032068466425121400e-04
2.458560891175117809e+06 1.000255584848304125e+00 5.032068466425121400e-04
2.458560912008583546e+06 9.996081658390969515e-01 5.032068466425121400e-04
2.458560932842048351e+06 1.000934264046095201e+00 5.032068466425121400e-04
2.458560953675512690e+06 1.000200660539485531e+00 5.032068466425121400e-04
2.458560974508977029e+06 1.000297477064400642e+00 5.032068466425121400e-04
2.458560995342439506e+06 9.994045103849473755e-01 5.032068466425121400e-04
2.458561016175901517e+06 1.000259723842334969e+00 5.032068466425121400e-04
2.458561037009363528e+06 1.000456767819988713e+00 5.032068466425121400e-04
2.458561057842824142e+06 9.990141093997270128e-01 5.032068466425121400e-04
2.458561078676283825e+06 9.884554846906119518e-01 5.032068466425121400e-04
2.458561099509743042e+06 9.852442662292799636e-01 5.032068466425121400e-04
2.458561120343201794e+06 9.865555269624857182e-01 5.032068466425121400e-04
2.458561141176659614e+06 9.883968280854177335e-01 5.032068466425121400e-04
2.458561162010116503e+06 9.964595826236211096e-01 5.032068466425121400e-04
2.458561182843572926e+06 9.997040629322841987e-01 5.032068466425121400e-04
2.458561203677028418e+06 9.989283955424873573e-01 5.032068466425121400e-04
2.458561224510482978e+06 9.997783974724290257e-01 5.032068466425121400e-04
2.458561245343937073e+06 9.993159150105148658e-01 5.032068466425121400e-04
2.458561266177390702e+06 1.000942685841155422e+00 5.032068466425121400e-04
2.458561287010842934e+06 9.998149128612532355e-01 5.032068466425121400e-04
2.458561307844294701e+06 9.995478363983441028e-01 5.032068466425121400e-04
2.458561328677746002e+06 1.000576403604519715e+00 5.032068466425121400e-04
2.458561349511196371e+06 1.000309721561242871e+00 5.032068466425121400e-04
2.458561370344645809e+06 1.000746358481191756e+00 5.032068466425121400e-04
2.458561391178094316e+06 9.993562729718387105e-01 5.032068466425121400e-04
2.458561412011542823e+06 1.000454908653794828e+00 5.032068466425121400e-04
2.458561432844989933e+06 9.996635905204338535e-01 5.032068466425121400e-04
2.458561453678436577e+06 9.996612312221367924e-01 5.032068466425121400e-04
2.458561474511882290e+06 9.993249558020145251e-01 5.032068466425121400e-04
2.458561495345327538e+06 1.000611579401558648e+00 5.032068466425121400e-04
2.458561516178771388e+06 1.000435691466981636e+00 5.032068466425121400e-04
2.458561537012214772e+06 1.000190170894050157e+00 5.032068466425121400e-04
2.458561557845658157e+06 1.000624046262292843e+00 5.032068466425121400e-04
2.458561578679099679e+06 9.999530286783655519e-01 5.032068466425121400e-04
2.458561599512540735e+06 1.000653330621196879e+00 5.032068466425121400e-04
2.458561620345981326e+06 9.989988583220280605e-01 5.032068466425121400e-04
2.458561641179421451e+06 9.996191933677869290e-01 5.032068466425121400e-04
2.458561662012860179e+06 9.998391227507503753e-01 5.032068466425121400e-04
2.458561682846297976e+06 9.995462405310294729e-01 5.032068466425121400e-04
2.458561703679735772e+06 9.992705346691584944e-01 5.032068466425121400e-04
2.458561724513172172e+06 9.999670920002395880e-01 5.032068466425121400e-04
2.458561745346608106e+06 1.001330444197264358e+00 5.032068466425121400e-04
2.458561766180042643e+06 1.000607521124419419e+00 5.032068466425121400e-04
2.458561787013477646e+06 9.991331771375474569e-01 5.032068466425121400e-04
2.458561807846910786e+06 9.999789543556565352e-01 5.032068466425121400e-04
2.458561828680343460e+06 9.996305557315104950e-01 5.032068466425121400e-04
2.458561849513775669e+06 1.001014971683016785e+00 5.032068466425121400e-04
2.458561870347206946e+06 1.000537919271890619e+00 5.032068466425121400e-04
2.458561891180637293e+06 9.994766132483291488e-01 5.032068466425121400e-04
2.458561912014066707e+06 9.994637152710144079e-01 5.032068466425121400e-04
2.458561932847495656e+06 1.000060239187095856e+00 5.032068466425121400e-04
2.458561953680923674e+06 9.997891148295480201e-01 5.032068466425121400e-04
2.458561974514351226e+06 1.000187012316509305e+00 5.032068466425121400e-04
2.458561995347777847e+06 1.000845091090623251e+00 5.032068466425121400e-04
2.458562016181203537e+06 1.000570986111373184e+00 5.032068466425121400e-04
2.458562037014628295e+06 9.999710197252918986e-01 5.032068466425121400e-04
2.458562057848052122e+06 1.000453101806130451e+00 5.032068466425121400e-04
2.458562078681475949e+06 9.999766233777764857e-01 5.032068466425121400e-04
2.458562099514898378e+06 1.000367939038149023e+00 5.032068466425121400e-04
2.458562120348320343e+06 9.996550361711067367e-01 5.032068466425121400e-04
2.458562141181741375e+06 1.000421843462101945e+00 5.032068466425121400e-04
2.458562162015161477e+06 9.999834892456187507e-01 5.032068466425121400e-04
2.458562182848581113e+06 9.991290968417644303e-01 5.032068466425121400e-04
2.458562203681999352e+06 1.000378146531555767e+00 5.032068466425121400e-04
2.458562224515417591e+06 1.000417340242925057e+00 5.032068466425121400e-04
2.458562245348834433e+06 9.993366798687807195e-01 5.032068466425121400e-04
2.458562266182250809e+06 1.000048394263194362e+00 5.032068466425121400e-04
2.458562287015666720e+06 9.997503495749489044e-01 5.032068466425121400e-04
2.458562307849081233e+06 1.001064494159342289e+00 5.032068466425121400e-04
2.458562328682494815e+06 1.000913062528741460e+00 5.032068466425121400e-04
2.458562349515907932e+06 9.991740206353050269e-01 5.032068466425121400e-04
2.458562370349320583e+06 9.979900467619244875e-01 5.032068466425121400e-04
2.458562391182731837e+06 1.000148339830993383e+00 5.032068466425121400e-04
2.458562412016142160e+06 1.000233139075921374e+00 5.032068466425121400e-04
2.458562432849552482e+06 9.998371404524751815e-01 5.032068466425121400e-04
2.458562453682961408e+06 9.997413985629786115e-01 5.032068466425121400e-04
2.458562474516369868e+06 9.992049049861628784e-01 5.032068466425121400e-04
2.458562495349776931e+06 1.000082701051531631e+00 5.032068466425121400e-04
2.458562516183183994e+06 9.988221052243965170e-01 5.032068466425121400e-04
2.458562537016589660e+06 9.986281320351539925e-01 5.032068466425121400e-04
2.458562557849994861e+06 1.000079700661286042e+00 5.032068466425121400e-04
2.458562578683398664e+06 1.000220222233799250e+00 5.032068466425121400e-04
2.458562599516802467e+06 9.994989956941184861e-01 5.032068466425121400e-04
2.458562620350200217e+06 9.994724999101588514e-01 5.032068466425121400e-04
2.458562641183601692e+06 9.987717857591361659e-01 5.032068466425121400e-04
2.458562662017003167e+06 1.000244987820983145e+00 5.032068466425121400e-04
2.458562682850403246e+06 9.993831258317575905e-01 5.032068466425121400e-04
2.458562703683802392e+06 9.998563664607177381e-01 5.032068466425121400e-04
2.458562724517201073e+06 1.001129219968448947e+00 5.032068466425121400e-04
2.458562745350598823e+06 1.001290782854661554e+00 5.032068466425121400e-04
2.458562766183995642e+06 1.000617529163273511e+00 5.032068466425121400e-04
2.458562787017391529e+06 1.001207691174181180e+00 5.032068466425121400e-04
2.458562807850787416e+06 9.989375116473715455e-01 5.032068466425121400e-04
2.458562828684181441e+06 1.000403384953884034e+00 5.032068466425121400e-04
2.458562849517574999e+06 9.989999263964709497e-01 5.032068466425121400e-04
2.458562870350967627e+06 9.993589580876806044e-01 5.032068466425121400e-04
2.458562891184360255e+06 1.000419541223004138e+00 5.032068466425121400e-04
2.458562912017751019e+06 9.993395447942898802e-01 5.032068466425121400e-04
2.458562932851141319e+06 1.000275655859903745e+00 5.032068466425121400e-04
2.458562953684531152e+06 9.987694572808788473e-01 5.032068466425121400e-04
2.458562974517919589e+06 9.997386598803501556e-01 5.032068466425121400e-04
2.458562995351307560e+06 9.998290749226753649e-01 5.032068466425121400e-04
2.458563016184694599e+06 9.994509018236051867e-01 5.032068466425121400e-04
2.458563057851466350e+06 1.000078859359030403e+00 5.032068466425121400e-04
2.458563078684850596e+06 1.000176329749129067e+00 5.032068466425121400e-04
2.458563099518234842e+06 9.993468369264111306e-01 5.032068466425121400e-04
2.458563120351617225e+06 9.993770397501702263e-01 5.032068466425121400e-04
2.458563141184999142e+06 1.000741469069529987e+00 5.032068466425121400e-04
2.458563162018380128e+06 1.000193196632645387e+00 5.032068466425121400e-04
2.458563182851761114e+06 1.001550940654183819e+00 5.032068466425121400e-04
2.458563203685140237e+06 1.000284207332125419e+00 5.032068466425121400e-04
2.458563224518518895e+06 9.992290276184901954e-01 5.032068466425121400e-04
2.458563245351897087e+06 9.994793869058040681e-01 5.032068466425121400e-04
2.458563266185273882e+06 1.000484116271833868e+00 5.032068466425121400e-04
2.458563287018649746e+06 1.000373222715945420e+00 5.032068466425121400e-04
2.458563307852025144e+06 9.994160667753377858e-01 5.032068466425121400e-04
2.458563328685399611e+06 1.000525010392196767e+00 5.032068466425121400e-04
2.458563349518773146e+06 9.998195745678494228e-01 5.032068466425121400e-04
2.458563370352145750e+06 1.000996353897996682e+00 5.032068466425121400e-04
2.458563391185517889e+06 9.989698875877573991e-01 5.032068466425121400e-04
2.458563412018889096e+06 1.000573293196300284e+00 5.032068466425121400e-04
2.458563432852258906e+06 9.993645787010251302e-01 5.032068466425121400e-04
2.458563453685628250e+06 1.000019634791540879e+00 5.032068466425121400e-04
2.458563474518997129e+06 9.995092689105602446e-01 5.032068466425121400e-04
2.458563495352364611e+06 1.000805788674975716e+00 5.032068466425121400e-04
2.458563516185731161e+06 1.000570744335519180e+00 5.032068466425121400e-04
2.458563537019096781e+06 1.000509121809926238e+00 5.032068466425121400e-04
2.458563557852462400e+06 1.000179053839368004e+00 5.032068466425121400e-04
2.458563578685826622e+06 1.001081307711053636e+00 5.032068466425121400e-04
2.458563599519189447e+06 1.001862162294794967e+00 5.032068466425121400e-04
2.458563620352552272e+06 9.995591797626353081e-01 5.032068466425121400e-04
2.458563641185913701e+06 9.993170243879105907e-01 5.032068466425121400e-04
2.458563662019274663e+06 9.995819775966257037e-01 5.032068466425121400e-04
2.458563682852634229e+06 9.988364996775023208e-01 5.032068466425121400e-04
2.458563703685993329e+06 1.000876721909296885e+00 5.032068466425121400e-04
2.458563724519351497e+06 9.989878965428611313e-01 5.032068466425121400e-04
2.458563745352708735e+06 1.000582298517683766e+00 5.032068466425121400e-04
2.458563766186065506e+06 1.000703571510774825e+00 5.032068466425121400e-04
2.458563787019420881e+06 1.000189884990926537e+00 5.032068466425121400e-04
2.458563807852775324e+06 1.000575180678338283e+00 5.032068466425121400e-04
2.458563828686128836e+06 1.000340005955983047e+00 5.032068466425121400e-04
2.458563849519481882e+06 1.000213079129032678e+00 5.032068466425121400e-04
2.458563870352833997e+06 1.000987649518435552e+00 5.032068466425121400e-04
2.458563891186184715e+06 9.989434012884484959e-01 5.032068466425121400e-04
2.458563912019535434e+06 1.000842903937933182e+00 5.032068466425121400e-04
2.458563932852884755e+06 1.000094597364303617e+00 5.032068466425121400e-04
2.458563953686233144e+06 1.000509274825089223e+00 5.032068466425121400e-04
2.458563974519580603e+06 1.000215327828512857e+00 5.032068466425121400e-04
2.458563995352927595e+06 1.000153608096441049e+00 5.032068466425121400e-04
2.458564016186273191e+06 1.000488200361585367e+00 5.032068466425121400e-04
2.458564037019617856e+06 1.000911307955447693e+00 5.032068466425121400e-04
2.458564057852962054e+06 1.002229583312893579e+00 5.032068466425121400e-04
2.458564078686305322e+06 1.001162116318118578e+00 5.032068466425121400e-04
2.458564099519647192e+06 9.997520505886762221e-01 5.032068466425121400e-04
2.458564120352988597e+06 9.999783086083444683e-01 5.032068466425121400e-04
2.458564141186329070e+06 9.998271337956758931e-01 5.032068466425121400e-04
2.458564162019668613e+06 9.998134313012095875e-01 5.032068466425121400e-04
2.458564182853007223e+06 1.000029330554931262e+00 5.032068466425121400e-04
2.458564203686344903e+06 1.000710788286174990e+00 5.032068466425121400e-04
2.458564224519681651e+06 1.000042922614014396e+00 5.032068466425121400e-04
2.458564245353017468e+06 1.000141820548350102e+00 5.032068466425121400e-04
2.458564266186352354e+06 9.984322758141285226e-01 5.032068466425121400e-04
2.458564287019686773e+06 9.998040983966327566e-01 5.032068466425121400e-04
2.458564307853019796e+06 9.995389362360821428e-01 5.032068466425121400e-04
2.458564328686351888e+06 1.000813443820067539e+00 5.032068466425121400e-04
2.458564349519683048e+06 9.997158769494304265e-01 5.032068466425121400e-04
2.458564370353014208e+06 9.996169721398516783e-01 5.032068466425121400e-04
2.458564391186343506e+06 9.997852792724669646e-01 5.032068466425121400e-04
2.458564412019671872e+06 1.000373143646853480e+00 5.032068466425121400e-04
2.458564432852999773e+06 9.994559880019927567e-01 5.032068466425121400e-04
2.458564453686326277e+06 1.000793180686165407e+00 5.032068466425121400e-04
2.458564474519652314e+06 9.948948204592715783e-01 5.032068466425121400e-04
2.458564495352976955e+06 9.865251017587984839e-01 5.032068466425121400e-04
2.458564516186301131e+06 9.853234188873677413e-01 5.032068466425121400e-04
2.458564537019623909e+06 9.860426357772530404e-01 5.032068466425121400e-04
2.458564557852946222e+06 9.910458810037011679e-01 5.032068466425121400e-04
2.458564578686267603e+06 9.990874548863414306e-01 5.032068466425121400e-04
2.458564599519587588e+06 1.000718991604033103e+00 5.032068466425121400e-04
2.458564620352906641e+06 1.001504518325718074e+00 5.032068466425121400e-04
2.458564641186224762e+06 1.000016459388238133e+00 5.032068466425121400e-04
2.458564662019542884e+06 1.001068075999426821e+00 5.032068466425121400e-04
2.458564682852859143e+06 9.997451792550476890e-01 5.032068466425121400e-04
2.458564703686174471e+06 9.998272540499242300e-01 5.032068466425121400e-04
2.458564724519489333e+06 9.986615045816479297e-01 5.032068466425121400e-04
2.458564745352802798e+06 9.996592286738981148e-01 5.032068466425121400e-04
2.458564766186115332e+06 9.994154367578778064e-01 5.032068466425121400e-04
2.458564787019426934e+06 9.996423919988608464e-01 5.032068466425121400e-04
2.458564807852738071e+06 9.987511172986146546e-01 5.032068466425121400e-04
2.458564828686047811e+06 9.994413712392050675e-01 5.032068466425121400e-04
2.458564849519356154e+06 9.994665923728560664e-01 5.032068466425121400e-04
2.458564870352664497e+06 9.989156093340970655e-01 5.032068466425121400e-04
2.458564891185971443e+06 9.999261260706115984e-01 5.032068466425121400e-04
2.458564912019276991e+06 1.000473620644322548e+00 5.032068466425121400e-04
2.458564932852582075e+06 1.000830008909564084e+00 5.032068466425121400e-04
2.458564953685886227e+06 1.000820899851001977e+00 5.032068466425121400e-04
2.458564974519188982e+06 1.000201188855285084e+00 5.032068466425121400e-04
2.458564995352490805e+06 1.000300792766992464e+00 5.032068466425121400e-04
2.458565016185792163e+06 9.998181017617769895e-01 5.032068466425121400e-04
2.458565037019092124e+06 9.994334779955764692e-01 5.032068466425121400e-04
2.458565057852391154e+06 9.999827448686779974e-01 5.032068466425121400e-04
2.458565078685689252e+06 1.000188334182380290e+00 5.032068466425121400e-04
2.458565099518986885e+06 9.989395227004684852e-01 5.032068466425121400e-04
2.458565120352282654e+06 1.000176938078469302e+00 5.032068466425121400e-04
2.458565141185577493e+06 1.001515521550622623e+00 5.032068466425121400e-04
2.458565162018871866e+06 9.994795380220354852e-01 5.032068466425121400e-04
2.458565182852165308e+06 9.997316800151055949e-01 5.032068466425121400e-04
2.458565203685456887e+06 9.999309279501668035e-01 5.032068466425121400e-04
2.458565224518748000e+06 9.999681293437568952e-01 5.032068466425121400e-04
2.458565245352038648e+06 1.000014261467331966e+00 5.032068466425121400e-04
2.458565266185327433e+06 1.000859922463147589e+00 5.032068466425121400e-04
2.458565287018615287e+06 9.988378664821876418e-01 5.032068466425121400e-04
2.458565307851902209e+06 9.997154884268621977e-01 5.032068466425121400e-04
2.458565328685188666e+06 1.000425951949336367e+00 5.032068466425121400e-04
2.458565349518473726e+06 9.986413524909922845e-01 5.032068466425121400e-04
2.458565370351757389e+06 1.009405197669247078e+00 5.032068466425121400e-04
2.458565391185040586e+06 9.993637330144725661e-01 5.032068466425121400e-04
2.458565412018322386e+06 9.991122660267459654e-01 5.032068466425121400e-04
2.458565432851603255e+06 1.000829214156954139e+00 5.032068466425121400e-04
2.458565453684883192e+06 9.997967843729065329e-01 5.032068466425121400e-04
2.458565474518162198e+06 9.997326831525371604e-01 5.032068466425121400e-04
2.458565495351439808e+06 1.000649897586201487e+00 5.032068466425121400e-04
2.458565516184716485e+06 9.998693994096873316e-01 5.032068466425121400e-04
2.458565537017992698e+06 9.998449692930633237e-01 5.032068466425121400e-04
2.458565557851259597e+06 9.999596908475448798e-01 5.032068466425121400e-04
2.458565578684533481e+06 9.994395301287329891e-01 5.032068466425121400e-04
2.458565599517805502e+06 9.996175054385357805e-01 5.032068466425121400e-04
2.458565620351077523e+06 9.996399002496910713e-01 5.032068466425121400e-04
2.458565641184347682e+06 9.997745771535344605e-01 5.032068466425121400e-04
2.458565662017616909e+06 9.989100943865075743e-01 5.032068466425121400e-04
2.458565682850885205e+06 9.991723252421824686e-01 5.032068466425121400e-04
2.458565703684152570e+06 1.000166842515901822e+00 5.032068466425121400e-04
2.458565724517418072e+06 1.000700883206290692e+00 5.032068466425121400e-04
2.458565745350683108e+06 9.989668267255057410e-01 5.032068466425121400e-04
2.458565766183947213e+06 1.000554825101444001e+00 5.032068466425121400e-04
2.458565787017209921e+06 9.992739817855458284e-01 5.032068466425121400e-04
2.458565807850471698e+06 1.000385346508274598e+00 5.032068466425121400e-04
2.458565828683732543e+06 1.000717712875976551e+00 5.032068466425121400e-04
2.458565849516991992e+06 1.000413493791488362e+00 5.032068466425121400e-04
2.458565870350250043e+06 1.000972092132385027e+00 5.032068466425121400e-04
2.458565891183507163e+06 9.993937534566342817e-01 5.032068466425121400e-04
2.458565912016763818e+06 9.997198519801917538e-01 5.032068466425121400e-04
2.458565932850018609e+06 1.000024963209376727e+00 5.032068466425121400e-04
2.458565953683272004e+06 1.000607543550755096e+00 5.032068466425121400e-04
2.458565974516524933e+06 1.000718165151788464e+00 5.032068466425121400e-04
2.458565995349776931e+06 9.995816081108752638e-01 5.032068466425121400e-04
2.458566016183027066e+06 9.998745986154287113e-01 5.032068466425121400e-04
2.458566037016276270e+06 9.995832633081510599e-01 5.032068466425121400e-04
2.458566057849525008e+06 1.000388387916698374e+00 5.032068466425121400e-04
2.458566078682771884e+06 9.998194650383531723e-01 5.032068466425121400e-04
2.458566099516017362e+06 9.996163421314704367e-01 5.032068466425121400e-04
2.458566120349261910e+06 9.996384176838382096e-01 5.032068466425121400e-04
2.458566141182505991e+06 9.999932082442249959e-01 5.032068466425121400e-04
2.458566182848989032e+06 1.000640422925078710e+00 5.032068466425121400e-04
2.458566203682229389e+06 1.000947547920953529e+00 5.032068466425121400e-04
2.458566224515467882e+06 1.000812310422322327e+00 5.032068466425121400e-04
2.458566245348705444e+06 1.000897333390597277e+00 5.032068466425121400e-04
2.458566266181941610e+06 1.001221681941944608e+00 5.032068466425121400e-04
2.458566287015176844e+06 9.992431248228819118e-01 5.032068466425121400e-04
2.458566307848410681e+06 1.000749761766908330e+00 5.032068466425121400e-04
2.458566328681643587e+06 1.001392343014271269e+00 5.032068466425121400e-04
2.458566349514875095e+06 9.993989181052569393e-01 5.032068466425121400e-04
2.458566370348105207e+06 9.997687076249305305e-01 5.032068466425121400e-04
2.458566391181334388e+06 9.999341638088172779e-01 5.032068466425121400e-04
2.458566412014561705e+06 1.000212863210235392e+00 5.032068466425121400e-04
2.458566432847788557e+06 9.997962147872645478e-01 5.032068466425121400e-04
2.458566453681013547e+06 1.000772621899435721e+00 5.032068466425121400e-04
2.458566474514237605e+06 1.000832241913799825e+00 5.032068466425121400e-04
2.458566495347460732e+06 9.997875776173960061e-01 5.032068466425121400e-04
2.458566516180681996e+06 1.000089477067120702e+00 5.032068466425121400e-04
2.458566537013901863e+06 9.998603477756382585e-01 5.032068466425121400e-04
2.458566557847120333e+06 1.000255831818951169e+00 5.032068466425121400e-04
2.458566578680338338e+06 9.998823363006870135e-01 5.032068466425121400e-04
2.458566599513554480e+06 1.001022900786402658e+00 5.032068466425121400e-04
2.458566620346769225e+06 1.000815731853375024e+00 5.032068466425121400e-04
2.458566641179983038e+06 9.993897226098577002e-01 5.032068466425121400e-04
2.458566662013195455e+06 9.998350504957959073e-01 5.032068466425121400e-04
2.458566682846406009e+06 1.000149775389239437e+00 5.032068466425121400e-04
2.458566703679615166e+06 9.997873041624806278e-01 5.032068466425121400e-04
2.458566724512823857e+06 1.000076334690214841e+00 5.032068466425121400e-04
2.458566745346030686e+06 1.000011344914928824e+00 5.032068466425121400e-04
2.458566766179235652e+06 9.991605908468850217e-01 5.032068466425121400e-04
2.458566787012439687e+06 9.998522811733295823e-01 5.032068466425121400e-04
2.458566807845642790e+06 1.000844228295320049e+00 5.032068466425121400e-04
2.458566828678843565e+06 9.985940223729661280e-01 5.032068466425121400e-04
2.458566849512043409e+06 1.000811972302068531e+00 5.032068466425121400e-04
2.458566870345242321e+06 9.987554231594306664e-01 5.032068466425121400e-04
2.458566891178438906e+06 9.994522823953126967e-01 5.032068466425121400e-04
2.458566912011634093e+06 1.000119849260632021e+00 5.032068466425121400e-04
2.458566932844828349e+06 1.000562837777407843e+00 5.032068466425121400e-04
2.458566953678021207e+06 1.000070189635633211e+00 5.032068466425121400e-04
2.458566974511212204e+06 1.000164183405956475e+00 5.032068466425121400e-04
2.458566995344401337e+06 1.000210681635458121e+00 5.032068466425121400e-04
2.458567016177590005e+06 1.000368277070347478e+00 5.032068466425121400e-04
2.458567037010776345e+06 9.999162349548250672e-01 5.032068466425121400e-04
2.458567057843961287e+06 9.996539783044168237e-01 5.032068466425121400e-04
2.458567078677144833e+06 1.000879366548096616e+00 5.032068466425121400e-04
2.458567099510326982e+06 9.986889652537289663e-01 5.032068466425121400e-04
2.458567120343507268e+06 9.995347584158650323e-01 5.032068466425121400e-04
2.458567141176686157e+06 9.996863959724843207e-01 5.032068466425121400e-04
2.458567162009863649e+06 9.993368566036553435e-01 5.032068466425121400e-04
2.458567182843039278e+06 9.995544323363955153e-01 5.032068466425121400e-04
2.458567203676213045e+06 1.000305249245052153e+00 5.032068466425121400e-04
2.458567224509385414e+06 9.986636036403284677e-01 5.032068466425121400e-04
2.458567245342556387e+06 1.000615581660982079e+00 5.032068466425121400e-04
2.458567266175725497e+06 9.998509312969383611e-01 5.032068466425121400e-04
2.458567287008892745e+06 9.996325009481283885e-01 5.032068466425121400e-04
2.458567307842058595e+06 9.995529398673563826e-01 5.032068466425121400e-04
2.458567328675222583e+06 1.000040337599439999e+00 5.032068466425121400e-04
2.458567349508384708e+06 1.000374176801819059e+00 5.032068466425121400e-04
2.458567370341544971e+06 1.001575157454711595e+00 5.032068466425121400e-04
2.458567391174704302e+06 9.993901369467627083e-01 5.032068466425121400e-04
2.458567412007861305e+06 9.994987143552689357e-01 5.032068466425121400e-04
2.458567432841016445e+06 9.998429862248662259e-01 5.032068466425121400e-04
2.458567453674169723e+06 9.988994417891517985e-01 5.032068466425121400e-04
2.458567474507321604e+06 1.000123457270778893e+00 5.032068466425121400e-04
2.458567495340471156e+06 1.001236603795033542e+00 5.032068466425121400e-04
2.458567516173618846e+06 1.000611504976848920e+00 5.032068466425121400e-04
2.458567537006765138e+06 9.999863052050032008e-01 5.032068466425121400e-04
2.458567557839909103e+06 1.001243133037249544e+00 5.032068466425121400e-04
2.458567578673051205e+06 9.993905849003202890e-01 5.032068466425121400e-04
2.458567599506191444e+06 1.000141444179279304e+00 5.032068466425121400e-04
2.458567620339329820e+06 9.998176141754735458e-01 5.032068466425121400e-04
2.458567641172465868e+06 9.999471372649720857e-01 5.032068466425121400e-04
2.458567662005600054e+06 1.000654155974951331e+00 5.032068466425121400e-04
2.458567682838732377e+06 9.997750662254892839e-01 5.032068466425121400e-04
2.458567703671862371e+06 9.999134053127692878e-01 5.032068466425121400e-04
2.458567724504990503e+06 9.997326351994387794e-01 5.032068466425121400e-04
2.458567745338116307e+06 1.000346735050466007e+00 5.032068466425121400e-04
2.458567766171240248e+06 9.994113242233870764e-01 5.032068466425121400e-04
2.458567787004361860e+06 1.000449957827438396e+00 5.032068466425121400e-04
2.458567807837481145e+06 9.997687339836477394e-01 5.032068466425121400e-04
2.458567828670598567e+06 9.985997323757942468e-01 5.032068466425121400e-04
2.458567849503713194e+06 1.000679110773053493e+00 5.032068466425121400e-04
2.458567870336825959e+06 9.981188599678580964e-01 5.032068466425121400e-04
2.458567891169936396e+06 9.899526630607594635e-01 5.032068466425121400e-04
2.458567912003044505e+06 9.853899988233365548e-01 5.032068466425121400e-04
2.458567932836150285e+06 9.863451851544571269e-01 5.032068466425121400e-04
2.458567953669253271e+06 9.894615508043728136e-01 5.032068466425121400e-04
2.458567974502354395e+06 9.979332837643022369e-01 5.032068466425121400e-04
2.458567995335452724e+06 9.990691867634813317e-01 5.032068466425121400e-04
2.458568016168548260e+06 9.993870682991813359e-01 5.032068466425121400e-04
2.458568037001641467e+06 9.999047116061047236e-01 5.032068466425121400e-04
2.458568057834732812e+06 1.000309563483974040e+00 5.032068466425121400e-04
2.458568078667820897e+06 9.998387712634541069e-01 5.032068466425121400e-04
2.458568099500906188e+06 9.987418266188038407e-01 5.032068466425121400e-04
2.458568120333989151e+06 1.001532642398499817e+00 5.032068466425121400e-04
2.458568141167069785e+06 9.990807923638845844e-01 5.032068466425121400e-04
2.458568162000147160e+06 1.001211370034708503e+00 5.032068466425121400e-04
2.458568182833221741e+06 9.998135410860569117e-01 5.032068466425121400e-04
2.458568203666294459e+06 1.000148833606433252e+00 5.032068466425121400e-04
2.458568224499363452e+06 9.992723030496278858e-01 5.032068466425121400e-04
2.458568245332429651e+06 9.998360053980480666e-01 5.032068466425121400e-04
2.458568266165493056e+06 9.996141809954505186e-01 5.032068466425121400e-04
2.458568286998553667e+06 9.996280202632193967e-01 5.032068466425121400e-04
2.458568307831611019e+06 1.001501807768956809e+00 5.032068466425121400e-04
2.458568328664665576e+06 1.001109042728888898e+00 5.032068466425121400e-04
2.458568349497717805e+06 9.992012047510286932e-01 5.032068466425121400e-04
2.458568370330765843e+06 1.000277485355585805e+00 5.032068466425121400e-04
2.458568391163811553e+06 9.995329118663733858e-01 5.032068466425121400e-04
2.458568411996854004e+06 9.997314505407155494e-01 5.032068466425121400e-04
2.458568432829893660e+06 1.000366960011943807e+00 5.032068466425121400e-04
2.458568453662929591e+06 1.000790113731952147e+00 5.032068466425121400e-04
